there are cleaned rules 594
log_inst_size,time,fast_cex_time,impl_time,check_valid_time,eq_time,make_vc_time,check_sliceable_time,eq_num_z3_calls,model_search_time,model_holes_time,model_cond_time,search_wp_time,model_z3_time,model_z3_calls,num_backtracks
	edit cache miss
0,50.704718,12.184858,19.659042,25.511503,17.941713,0.011683,0.000238,2,12.917280,0.004768,0.000000,0.010967,12.267351,1,0
	edit cache miss
1,44.619322,7.005453,11.358023,23.757696,16.630173,0.014305,0.000238,2,13.758898,0.005960,0.000000,0.016689,13.115406,1,0
2,11.574984,0.000000,11.567116,11.528492,8.501053,0.007391,0.000000,1,0.000000,0.000000,0.000000,0.000000,0.000000,0,0
3,10.905981,0.000000,10.898352,10.862350,7.549286,0.006676,0.000000,1,0.000000,0.000000,0.000000,0.000000,0.000000,0,0
4,16.824961,0.000000,16.816616,16.775370,13.304710,0.006914,0.000000,1,0.000000,0.000000,0.000000,0.000000,0.000000,0,0
5,14.045238,0.000000,14.036894,13.992786,7.752180,0.007629,0.000000,1,0.000000,0.000000,0.000000,0.000000,0.000000,0,0
6,17.500639,0.000000,17.492533,17.451763,13.713837,0.007153,0.000000,1,0.000000,0.000000,0.000000,0.000000,0.000000,0,0
7,17.578363,0.000000,17.568827,17.522335,11.384010,0.007629,0.000000,1,0.000000,0.000000,0.000000,0.000000,0.000000,0,0
8,16.366243,0.000000,16.357422,16.317129,11.615753,0.007629,0.000238,1,0.000000,0.000000,0.000000,0.000000,0.000000,0,0
9,11.625528,0.000000,11.616468,11.576891,8.032560,0.007153,0.000000,1,0.000000,0.000000,0.000000,0.000000,0.000000,0,0
10,17.797947,0.000000,17.789364,17.746210,14.248371,0.007629,0.000477,1,0.000000,0.000000,0.000000,0.000000,0.000000,0,0
11,12.246847,0.000000,12.237072,12.193680,7.792473,0.008345,0.000000,1,0.000000,0.000000,0.000000,0.000000,0.000000,0,0
12,16.366959,0.000000,16.358137,16.318560,12.662888,0.007391,0.000000,1,0.000000,0.000000,0.000000,0.000000,0.000000,0,0
13,18.291950,0.000000,18.282652,18.237829,12.783051,0.007629,0.000000,1,0.000000,0.000000,0.000000,0.000000,0.000000,0,0
14,12.294769,0.000000,12.284994,12.242556,8.320808,0.007391,0.000000,1,0.000000,0.000000,0.000000,0.000000,0.000000,0,0
15,11.033058,0.000000,11.023521,10.979176,7.332087,0.008106,0.000000,1,0.000000,0.000000,0.000000,0.000000,0.000000,0,0
16,10.029316,0.000000,10.017872,9.985924,6.817102,0.005722,0.000000,1,0.000000,0.000000,0.000000,0.000000,0.000000,0,0
17,10.122538,0.000000,10.094166,10.017157,7.144928,0.007629,0.000000,1,0.000000,0.000000,0.000000,0.000000,0.000000,0,0
18,11.642218,0.000000,11.631727,11.547804,8.063793,0.009298,0.000000,1,0.000000,0.000000,0.000000,0.000000,0.000000,0,0
19,9.976864,0.000000,9.966850,9.901047,6.847143,0.008106,0.000000,1,0.000000,0.000000,0.000000,0.000000,0.000000,0,0
20,10.045290,0.000000,10.033846,10.000706,6.848812,0.006199,0.000000,1,0.000000,0.000000,0.000000,0.000000,0.000000,0,0
21,9.997129,0.000000,9.988546,9.952545,7.023573,0.006914,0.000238,1,0.000000,0.000000,0.000000,0.000000,0.000000,0,0
22,11.196136,0.000000,11.188269,11.155128,8.056879,0.005722,0.000000,1,0.000000,0.000000,0.000000,0.000000,0.000000,0,0
23,10.523558,0.000000,10.515451,10.437727,7.325411,0.006914,0.000238,1,0.000000,0.000000,0.000000,0.000000,0.000000,0,0
24,10.431767,0.000000,10.423183,10.383368,7.290840,0.009775,0.000000,1,0.000000,0.000000,0.000000,0.000000,0.000000,0,0
25,10.231733,0.000000,10.220528,10.186911,7.105350,0.006199,0.000000,1,0.000000,0.000000,0.000000,0.000000,0.000000,0,0
26,10.410547,0.000000,10.400772,10.365486,7.288933,0.006914,0.000000,1,0.000000,0.000000,0.000000,0.000000,0.000000,0,0
27,10.122776,0.000000,10.112762,10.079622,7.106543,0.005960,0.000000,1,0.000000,0.000000,0.000000,0.000000,0.000000,0,0
28,10.382175,0.000000,10.372162,10.336876,7.269144,0.006437,0.000000,1,0.000000,0.000000,0.000000,0.000000,0.000000,0,0
29,10.577202,0.000000,10.568380,10.531664,7.562160,0.006914,0.000000,1,0.000000,0.000000,0.000000,0.000000,0.000000,0,0
30,10.877132,0.000000,10.868073,10.832071,7.610559,0.006437,0.000000,1,0.000000,0.000000,0.000000,0.000000,0.000000,0,0
31,11.082888,0.000000,11.073112,11.021376,7.803202,0.006676,0.000000,1,0.000000,0.000000,0.000000,0.000000,0.000000,0,0
32,11.039495,0.000000,11.028528,10.990620,7.935524,0.007153,0.000000,1,0.000000,0.000000,0.000000,0.000000,0.000000,0,0
33,10.491610,0.000000,10.481834,10.444403,7.313967,0.007391,0.000000,1,0.000000,0.000000,0.000000,0.000000,0.000000,0,0
34,11.026144,0.000000,11.015654,10.980844,7.817507,0.006437,0.000000,1,0.000000,0.000000,0.000000,0.000000,0.000000,0,0
35,10.242224,0.000000,10.228157,10.193110,7.044315,0.006676,0.000000,1,0.000000,0.000000,0.000000,0.000000,0.000000,0,0
36,10.252953,0.000000,10.241985,10.205030,7.128954,0.006676,0.000000,1,0.000000,0.000000,0.000000,0.000000,0.000000,0,0
37,10.466814,0.000000,10.456324,10.421038,7.337093,0.006437,0.000238,1,0.000000,0.000000,0.000000,0.000000,0.000000,0,0
38,10.980606,0.000000,10.968924,10.930777,7.657766,0.007153,0.000000,1,0.000000,0.000000,0.000000,0.000000,0.000000,0,0
39,10.068178,0.000000,10.055780,10.020733,6.871700,0.006914,0.000000,1,0.000000,0.000000,0.000000,0.000000,0.000000,0,0
40,10.517359,0.000000,10.505915,10.469437,7.471323,0.007153,0.000000,1,0.000000,0.000000,0.000000,0.000000,0.000000,0,0
41,10.727882,0.000000,10.715246,10.680437,7.513046,0.006914,0.000000,1,0.000000,0.000000,0.000000,0.000000,0.000000,0,0
42,10.468721,0.000000,10.456800,10.420084,6.980896,0.006676,0.000000,1,0.000000,0.000000,0.000000,0.000000,0.000000,0,0
43,10.453224,0.000000,10.442019,10.391474,7.414103,0.020504,0.000000,1,0.000000,0.000000,0.000000,0.000000,0.000000,0,0
44,10.235310,0.000000,10.224581,10.188580,6.975412,0.006914,0.000000,1,0.000000,0.000000,0.000000,0.000000,0.000000,0,0
45,10.152817,0.000000,10.142565,10.106087,7.073641,0.007153,0.000000,1,0.000000,0.000000,0.000000,0.000000,0.000000,0,0
46,9.906769,0.000000,9.892464,9.858608,6.865025,0.005960,0.000000,1,0.000000,0.000000,0.000000,0.000000,0.000000,0,0
47,10.272741,0.000000,10.258436,10.221004,7.018805,0.007629,0.000000,1,0.000000,0.000000,0.000000,0.000000,0.000000,0,0
48,10.368824,0.000000,10.357380,10.317326,7.277966,0.010252,0.000000,1,0.000000,0.000000,0.000000,0.000000,0.000000,0,0
49,10.918856,0.000000,10.905981,10.869741,7.600546,0.006676,0.000000,1,0.000000,0.000000,0.000000,0.000000,0.000000,0,0
50,10.829926,0.000000,10.815620,10.778904,7.577419,0.006676,0.000000,1,0.000000,0.000000,0.000000,0.000000,0.000000,0,0
51,10.765076,0.000000,10.752201,10.712624,7.785320,0.009775,0.000000,1,0.000000,0.000000,0.000000,0.000000,0.000000,0,0
52,10.994196,0.000000,10.982275,10.945320,7.715940,0.007153,0.000000,1,0.000000,0.000000,0.000000,0.000000,0.000000,0,0
53,10.706902,0.000000,10.694027,10.635376,7.312536,0.007391,0.000000,1,0.000000,0.000000,0.000000,0.000000,0.000000,0,0
54,10.806799,0.000000,10.795116,10.755062,7.628441,0.007153,0.000000,1,0.000000,0.000000,0.000000,0.000000,0.000000,0,0
55,10.966539,0.000000,10.953426,10.916233,7.564068,0.006914,0.000000,1,0.000000,0.000000,0.000000,0.000000,0.000000,0,0
56,10.785580,0.000000,10.773420,10.732651,7.493019,0.007629,0.000000,1,0.000000,0.000000,0.000000,0.000000,0.000000,0,0
57,10.974884,0.000000,10.962248,10.927677,7.794619,0.006676,0.000000,1,0.000000,0.000000,0.000000,0.000000,0.000000,0,0
58,11.005402,0.000000,10.992765,10.907650,7.773876,0.006437,0.000000,1,0.000000,0.000000,0.000000,0.000000,0.000000,0,0
59,10.917187,0.000000,10.903835,10.867596,7.674694,0.006676,0.000238,1,0.000000,0.000000,0.000000,0.000000,0.000000,0,0
60,10.595083,0.000000,10.581970,10.545015,7.346630,0.007629,0.000000,1,0.000000,0.000000,0.000000,0.000000,0.000000,0,0
61,10.627270,0.000000,10.614157,10.551453,7.459879,0.006914,0.000000,1,0.000000,0.000000,0.000000,0.000000,0.000000,0,0
62,10.534286,0.000000,10.520220,10.484695,7.556915,0.006676,0.000238,1,0.000000,0.000000,0.000000,0.000000,0.000000,0,0
63,10.966063,0.000000,10.951757,10.915041,7.738352,0.007391,0.000000,1,0.000000,0.000000,0.000000,0.000000,0.000000,0,0
64,10.135889,0.000000,10.115862,10.078430,7.013798,0.006199,0.000000,1,0.000000,0.000000,0.000000,0.000000,0.000000,0,0
65,10.402203,0.000000,10.387182,10.348558,7.267952,0.007629,0.000000,1,0.000000,0.000000,0.000000,0.000000,0.000000,0,0
66,10.914803,0.000000,10.899782,10.861635,7.673740,0.007391,0.000000,1,0.000000,0.000000,0.000000,0.000000,0.000000,0,0
67,10.731697,0.000000,10.717154,10.678291,7.598400,0.007391,0.000000,1,0.000000,0.000000,0.000000,0.000000,0.000000,0,0
68,11.094570,0.000000,11.081696,11.045218,7.783175,0.007391,0.000000,1,0.000000,0.000000,0.000000,0.000000,0.000000,0,0
69,10.753155,0.000000,10.739803,10.702610,7.530689,0.006914,0.000000,1,0.000000,0.000000,0.000000,0.000000,0.000000,0,0
70,10.843277,0.000000,10.830641,10.793686,7.626772,0.007391,0.000238,1,0.000000,0.000000,0.000000,0.000000,0.000000,0,0
71,10.560751,0.000000,10.547876,10.511160,7.273912,0.006437,0.000000,1,0.000000,0.000000,0.000000,0.000000,0.000000,0,0
72,10.431290,0.000000,10.417223,10.381460,7.185221,0.006437,0.000000,1,0.000000,0.000000,0.000000,0.000000,0.000000,0,0
73,10.955095,0.000000,10.940790,10.902405,7.613659,0.007153,0.000000,1,0.000000,0.000000,0.000000,0.000000,0.000000,0,0
74,10.500431,0.000000,10.487080,10.450840,7.395983,0.006914,0.000000,1,0.000000,0.000000,0.000000,0.000000,0.000000,0,0
75,11.005878,0.000000,10.992527,10.956526,7.677078,0.006437,0.000000,1,0.000000,0.000000,0.000000,0.000000,0.000000,0,0
76,10.992765,0.000000,10.979652,10.943890,7.805347,0.006914,0.000000,1,0.000000,0.000000,0.000000,0.000000,0.000000,0,0
77,10.474920,0.000000,10.461330,10.425091,7.432461,0.006914,0.000000,1,0.000000,0.000000,0.000000,0.000000,0.000000,0,0
78,10.895967,0.000000,10.881662,10.844707,7.610798,0.006914,0.000238,1,0.000000,0.000000,0.000000,0.000000,0.000000,0,0
79,10.375977,0.000000,10.362625,10.323286,7.311106,0.009298,0.000000,1,0.000000,0.000000,0.000000,0.000000,0.000000,0,0
80,10.551691,0.000000,10.537863,10.501623,7.290840,0.006437,0.000000,1,0.000000,0.000000,0.000000,0.000000,0.000000,0,0
81,10.860205,0.000000,10.844946,10.808468,7.659197,0.006676,0.000000,1,0.000000,0.000000,0.000000,0.000000,0.000000,0,0
82,10.935545,0.000000,10.920525,10.883093,7.723093,0.007153,0.000000,1,0.000000,0.000000,0.000000,0.000000,0.000000,0,0
83,10.764837,0.000000,10.751963,10.715008,7.658243,0.007153,0.000000,1,0.000000,0.000000,0.000000,0.000000,0.000000,0,0
84,11.195660,0.000000,11.181116,11.145115,7.903099,0.006676,0.000000,1,0.000000,0.000000,0.000000,0.000000,0.000000,0,0
85,10.646105,0.000000,10.632038,10.594845,7.384539,0.007153,0.000000,1,0.000000,0.000000,0.000000,0.000000,0.000000,0,0
86,11.005163,0.000000,10.989904,10.953426,7.765055,0.006914,0.000000,1,0.000000,0.000000,0.000000,0.000000,0.000000,0,0
87,10.828733,0.000000,10.813713,10.776281,7.696629,0.007153,0.000000,1,0.000000,0.000000,0.000000,0.000000,0.000000,0,0
88,10.530949,0.000000,10.516644,10.480404,7.223845,0.007153,0.000000,1,0.000000,0.000000,0.000000,0.000000,0.000000,0,0
89,10.465384,0.000000,10.450602,10.413885,7.166624,0.007153,0.000000,1,0.000000,0.000000,0.000000,0.000000,0.000000,0,0
90,10.931969,0.000000,10.916471,10.828972,7.803440,0.038862,0.000000,1,0.000000,0.000000,0.000000,0.000000,0.000000,0,0
91,10.544538,0.000000,10.528564,10.492325,7.330179,0.006914,0.000000,1,0.000000,0.000000,0.000000,0.000000,0.000000,0,0
92,10.596037,0.000000,10.570765,10.512829,7.404566,0.006914,0.000000,1,0.000000,0.000000,0.000000,0.000000,0.000000,0,0
93,10.617495,0.000000,10.590792,10.546207,7.478952,0.012159,0.000238,1,0.000000,0.000000,0.000000,0.000000,0.000000,0,0
94,10.801077,0.000000,10.783672,10.744572,7.522583,0.007629,0.000000,1,0.000000,0.000000,0.000000,0.000000,0.000000,0,0
95,10.612249,0.000000,10.595322,10.558128,7.585526,0.007153,0.000000,1,0.000000,0.000000,0.000000,0.000000,0.000000,0,0
96,10.231495,0.000000,10.214806,10.164738,7.096052,0.006914,0.000000,1,0.000000,0.000000,0.000000,0.000000,0.000000,0,0
97,10.218143,0.000000,10.200977,10.097980,6.965637,0.007153,0.000000,1,0.000000,0.000000,0.000000,0.000000,0.000000,0,0
98,10.530710,0.000000,10.514259,10.477543,7.255316,0.006914,0.000000,1,0.000000,0.000000,0.000000,0.000000,0.000000,0,0
99,10.699034,0.000000,10.680914,10.643005,7.344961,0.007153,0.000000,1,0.000000,0.000000,0.000000,0.000000,0.000000,0,0
100,11.093378,0.000000,11.076927,11.020184,7.880449,0.022650,0.000000,1,0.000000,0.000000,0.000000,0.000000,0.000000,0,0
101,10.498524,0.000000,10.482311,10.445356,7.332563,0.007153,0.000238,1,0.000000,0.000000,0.000000,0.000000,0.000000,0,0
102,10.421038,0.000000,10.406256,10.369301,7.225513,0.006914,0.000000,1,0.000000,0.000000,0.000000,0.000000,0.000000,0,0
103,10.583878,0.000000,10.566473,10.531187,7.336855,0.006676,0.000000,1,0.000000,0.000000,0.000000,0.000000,0.000000,0,0
104,11.202812,0.000000,11.185169,11.146784,7.996559,0.007153,0.000000,1,0.000000,0.000000,0.000000,0.000000,0.000000,0,0
105,10.524035,0.000000,10.505438,10.465860,7.402182,0.009298,0.000000,1,0.000000,0.000000,0.000000,0.000000,0.000000,0,0
106,10.717154,0.000000,10.701895,10.665417,7.587671,0.007391,0.000000,1,0.000000,0.000000,0.000000,0.000000,0.000000,0,0
107,10.414362,0.000000,10.397673,10.361910,7.283926,0.006437,0.000000,1,0.000000,0.000000,0.000000,0.000000,0.000000,0,0
108,10.457516,0.000000,10.439873,10.402441,7.341862,0.007153,0.000000,1,0.000000,0.000000,0.000000,0.000000,0.000000,0,0
109,10.583639,0.000000,10.567904,10.532618,7.308960,0.006676,0.000238,1,0.000000,0.000000,0.000000,0.000000,0.000000,0,0
110,10.514021,0.000000,10.497570,10.462999,7.396698,0.006437,0.000000,1,0.000000,0.000000,0.000000,0.000000,0.000000,0,0
111,10.628462,0.000000,10.612726,10.577202,7.369757,0.006676,0.000000,1,0.000000,0.000000,0.000000,0.000000,0.000000,0,0
112,10.818958,0.000000,10.800600,10.765553,7.583380,0.006437,0.000000,1,0.000000,0.000000,0.000000,0.000000,0.000000,0,0
113,10.579824,0.000000,10.559797,10.523319,7.389069,0.006914,0.000000,1,0.000000,0.000000,0.000000,0.000000,0.000000,0,0
114,10.927677,0.000000,10.909557,10.869741,7.634878,0.007391,0.000000,1,0.000000,0.000000,0.000000,0.000000,0.000000,0,0
115,10.561228,0.000000,10.545731,10.508776,7.361174,0.007153,0.000000,1,0.000000,0.000000,0.000000,0.000000,0.000000,0,0
116,10.643959,0.000000,10.627270,10.591269,7.348537,0.006437,0.000000,1,0.000000,0.000000,0.000000,0.000000,0.000000,0,0
117,10.594368,0.000000,10.575533,10.538816,7.341862,0.006914,0.000000,1,0.000000,0.000000,0.000000,0.000000,0.000000,0,0
118,10.502577,0.000000,10.486126,10.450840,7.230997,0.006676,0.000000,1,0.000000,0.000000,0.000000,0.000000,0.000000,0,0
119,10.198593,0.000000,10.182142,10.147333,7.190466,0.006199,0.000000,1,0.000000,0.000000,0.000000,0.000000,0.000000,0,0
120,10.704517,0.000000,10.686398,10.648489,7.448196,0.006914,0.000238,1,0.000000,0.000000,0.000000,0.000000,0.000000,0,0
121,10.262966,0.000000,10.244370,10.208607,6.988287,0.007153,0.000000,1,0.000000,0.000000,0.000000,0.000000,0.000000,0,0
122,10.668755,0.000000,10.646820,10.611057,7.484674,0.006437,0.000238,1,0.000000,0.000000,0.000000,0.000000,0.000000,0,0
123,10.438442,0.000000,10.421276,10.364771,7.239103,0.007391,0.000000,1,0.000000,0.000000,0.000000,0.000000,0.000000,0,0
124,10.687113,0.000000,10.672092,10.636330,7.509947,0.006676,0.000000,1,0.000000,0.000000,0.000000,0.000000,0.000000,0,0
125,10.484219,0.000000,10.466099,10.432005,7.345438,0.006199,0.000000,1,0.000000,0.000000,0.000000,0.000000,0.000000,0,0
126,10.716677,0.000000,10.697365,10.658026,7.512093,0.007153,0.000000,1,0.000000,0.000000,0.000000,0.000000,0.000000,0,0
127,10.906458,0.000000,10.888577,10.851622,7.685900,0.007153,0.000000,1,0.000000,0.000000,0.000000,0.000000,0.000000,0,0
128,10.906696,0.000000,10.890007,10.854959,7.723570,0.006437,0.000000,1,0.000000,0.000000,0.000000,0.000000,0.000000,0,0
129,10.804176,0.000000,10.784149,10.748863,7.701159,0.006437,0.000000,1,0.000000,0.000000,0.000000,0.000000,0.000000,0,0
130,11.235952,0.000000,11.214495,11.176825,7.898331,0.006914,0.000000,1,0.000000,0.000000,0.000000,0.000000,0.000000,0,0
131,10.990143,0.000000,10.968924,10.915041,7.695436,0.020981,0.000000,1,0.000000,0.000000,0.000000,0.000000,0.000000,0,0
132,10.649443,0.000000,10.622740,10.584116,7.234812,0.007391,0.000000,1,0.000000,0.000000,0.000000,0.000000,0.000000,0,0
133,10.674477,0.000000,10.646820,10.606527,7.267237,0.008345,0.000477,1,0.000000,0.000000,0.000000,0.000000,0.000000,0,0
134,11.041641,0.000000,11.022806,10.984421,7.821321,0.007391,0.000000,1,0.000000,0.000000,0.000000,0.000000,0.000000,0,0
135,10.592461,0.000000,10.565281,10.528326,7.354736,0.007153,0.000238,1,0.000000,0.000000,0.000000,0.000000,0.000000,0,0
136,11.201143,0.000000,11.170387,11.128902,7.316113,0.008583,0.000000,1,0.000000,0.000000,0.000000,0.000000,0.000000,0,0
137,10.867357,0.000000,10.843992,10.801792,7.632256,0.008345,0.000000,1,0.000000,0.000000,0.000000,0.000000,0.000000,0,0
138,10.145187,0.000000,10.127783,10.090828,7.021666,0.006914,0.000000,1,0.000000,0.000000,0.000000,0.000000,0.000000,0,0
139,10.685205,0.000000,10.666370,10.631800,7.484913,0.006437,0.000238,1,0.000000,0.000000,0.000000,0.000000,0.000000,0,0
140,11.564016,0.000000,11.535168,11.497498,8.161545,0.007153,0.000000,1,0.000000,0.000000,0.000000,0.000000,0.000000,0,0
141,10.878801,0.000000,10.858774,10.818720,7.646084,0.007153,0.000000,1,0.000000,0.000000,0.000000,0.000000,0.000000,0,0
142,11.241198,0.000000,11.220694,11.182070,7.869244,0.006914,0.000000,1,0.000000,0.000000,0.000000,0.000000,0.000000,0,0
143,11.559248,0.000000,11.536837,11.495829,8.090496,0.007153,0.000000,1,0.000000,0.000000,0.000000,0.000000,0.000000,0,0
144,11.492252,0.000000,11.470795,11.431456,7.964611,0.007391,0.000000,1,0.000000,0.000000,0.000000,0.000000,0.000000,0,0
145,11.704683,0.000000,11.682034,11.641741,8.355379,0.007391,0.000000,1,0.000000,0.000000,0.000000,0.000000,0.000000,0,0
146,11.464119,0.000000,11.445045,11.407375,8.164644,0.007629,0.000000,1,0.000000,0.000000,0.000000,0.000000,0.000000,0,0
147,10.921478,0.000000,10.901451,10.864496,7.574797,0.006914,0.000000,1,0.000000,0.000000,0.000000,0.000000,0.000000,0,0
148,11.661768,0.000000,11.639118,11.601686,8.438110,0.006914,0.000238,1,0.000000,0.000000,0.000000,0.000000,0.000000,0,0
149,11.039019,0.000000,11.017799,10.977983,7.763386,0.007153,0.000000,1,0.000000,0.000000,0.000000,0.000000,0.000000,0,0
150,11.435747,0.000000,11.414289,11.372328,8.097172,0.006914,0.000238,1,0.000000,0.000000,0.000000,0.000000,0.000000,0,0
151,10.983944,0.000000,10.964155,10.922194,7.642746,0.007629,0.000000,1,0.000000,0.000000,0.000000,0.000000,0.000000,0,0
152,11.724234,0.000000,11.702538,11.660576,8.485317,0.009060,0.000000,1,0.000000,0.000000,0.000000,0.000000,0.000000,0,0
153,11.218071,0.000000,11.187792,11.146307,7.896423,0.007391,0.000238,1,0.000000,0.000000,0.000000,0.000000,0.000000,0,0
154,10.884047,0.000000,10.857344,10.793686,7.513285,0.008583,0.000000,1,0.000000,0.000000,0.000000,0.000000,0.000000,0,0
155,10.771751,0.000000,10.743856,10.702848,7.460356,0.010252,0.000000,1,0.000000,0.000000,0.000000,0.000000,0.000000,0,0
156,10.973930,0.000000,10.949850,10.909796,7.751465,0.008345,0.000000,1,0.000000,0.000000,0.000000,0.000000,0.000000,0,0
157,10.918617,0.000000,10.896206,10.857105,7.441521,0.007153,0.000000,1,0.000000,0.000000,0.000000,0.000000,0.000000,0,0
158,11.662006,0.000000,11.627436,11.584997,8.179426,0.007391,0.000000,1,0.000000,0.000000,0.000000,0.000000,0.000000,0,0
159,11.065960,0.000000,11.036396,10.990143,7.656574,0.009060,0.000000,1,0.000000,0.000000,0.000000,0.000000,0.000000,0,0
160,11.161804,0.000000,11.137724,11.098146,7.923126,0.007153,0.000000,1,0.000000,0.000000,0.000000,0.000000,0.000000,0,0
161,10.959625,0.000000,10.934114,10.893583,7.713079,0.007153,0.000000,1,0.000000,0.000000,0.000000,0.000000,0.000000,0,0
162,11.431932,0.000000,11.406898,11.364222,7.813931,0.010014,0.000000,1,0.000000,0.000000,0.000000,0.000000,0.000000,0,0
163,10.979652,0.000000,10.959387,10.916233,7.704496,0.008345,0.000000,1,0.000000,0.000000,0.000000,0.000000,0.000000,0,0
164,11.614799,0.000000,11.592388,11.555433,8.291006,0.006914,0.000000,1,0.000000,0.000000,0.000000,0.000000,0.000000,0,0
165,11.738300,0.000000,11.714220,11.674643,8.465528,0.007153,0.000000,1,0.000000,0.000000,0.000000,0.000000,0.000000,0,0
166,11.380434,0.000000,11.355877,11.314869,8.021355,0.007868,0.000000,1,0.000000,0.000000,0.000000,0.000000,0.000000,0,0
167,10.949612,0.000000,10.928154,10.888815,7.643461,0.007391,0.000238,1,0.000000,0.000000,0.000000,0.000000,0.000000,0,0
168,11.179924,0.000000,11.157513,11.117220,7.902145,0.007153,0.000000,1,0.000000,0.000000,0.000000,0.000000,0.000000,0,0
169,11.160851,0.000000,11.137486,11.096954,7.898331,0.007629,0.000000,1,0.000000,0.000000,0.000000,0.000000,0.000000,0,0
170,11.372328,0.000000,11.346340,11.305094,7.982731,0.010490,0.000000,1,0.000000,0.000000,0.000000,0.000000,0.000000,0,0
171,11.179447,0.000000,11.157990,11.116743,7.951498,0.007868,0.000000,1,0.000000,0.000000,0.000000,0.000000,0.000000,0,0
172,11.288166,0.000000,11.264563,11.224985,7.925272,0.006914,0.000000,1,0.000000,0.000000,0.000000,0.000000,0.000000,0,0
173,11.289597,0.000000,11.264563,11.224985,7.838249,0.007391,0.000000,1,0.000000,0.000000,0.000000,0.000000,0.000000,0,0
174,11.064768,0.000000,11.039257,10.999680,7.918596,0.007153,0.000000,1,0.000000,0.000000,0.000000,0.000000,0.000000,0,0
175,11.759043,0.000000,11.730194,11.691332,8.384705,0.006914,0.000238,1,0.000000,0.000000,0.000000,0.000000,0.000000,0,0
176,11.427164,0.000000,11.401653,11.360168,7.991076,0.007868,0.000000,1,0.000000,0.000000,0.000000,0.000000,0.000000,0,0
177,11.298180,0.000000,11.275291,11.211634,7.966280,0.006914,0.000000,1,0.000000,0.000000,0.000000,0.000000,0.000000,0,0
178,11.186838,0.000000,11.162043,11.120081,7.751703,0.006914,0.000000,1,0.000000,0.000000,0.000000,0.000000,0.000000,0,0
179,11.508942,0.000000,11.484385,11.445999,7.938623,0.007153,0.000000,1,0.000000,0.000000,0.000000,0.000000,0.000000,0,0
180,11.084557,0.000000,11.059284,11.020184,7.855654,0.007629,0.000000,1,0.000000,0.000000,0.000000,0.000000,0.000000,0,0
181,11.031151,0.000000,11.008978,10.967016,7.719994,0.010729,0.000000,1,0.000000,0.000000,0.000000,0.000000,0.000000,0,0
182,11.728048,0.000000,11.704683,11.666298,8.309364,0.006914,0.000238,1,0.000000,0.000000,0.000000,0.000000,0.000000,0,0
183,11.695385,0.000000,11.667013,11.626720,8.186102,0.007629,0.000238,1,0.000000,0.000000,0.000000,0.000000,0.000000,0,0
184,11.478662,0.000000,11.446476,11.402369,7.977724,0.011206,0.000000,1,0.000000,0.000000,0.000000,0.000000,0.000000,0,0
185,11.188507,0.000000,11.158228,11.117935,7.917643,0.007629,0.000000,1,0.000000,0.000000,0.000000,0.000000,0.000000,0,0
186,11.100292,0.000000,11.071444,11.033058,7.832289,0.007153,0.000238,1,0.000000,0.000000,0.000000,0.000000,0.000000,0,0
187,11.253119,0.000000,11.224985,11.185408,7.889748,0.007153,0.000238,1,0.000000,0.000000,0.000000,0.000000,0.000000,0,0
188,11.220932,0.000000,11.195421,11.156321,7.959366,0.007868,0.000000,1,0.000000,0.000000,0.000000,0.000000,0.000000,0,0
189,11.568785,0.000000,11.541128,11.502028,8.252382,0.007153,0.000000,1,0.000000,0.000000,0.000000,0.000000,0.000000,0,0
190,11.421204,0.000000,11.397839,11.358738,8.088350,0.007868,0.000000,1,0.000000,0.000000,0.000000,0.000000,0.000000,0,0
191,11.501551,0.000000,11.477232,11.439323,8.081913,0.006914,0.000000,1,0.000000,0.000000,0.000000,0.000000,0.000000,0,0
192,11.593580,0.000000,11.567354,11.529922,8.289337,0.006914,0.000000,1,0.000000,0.000000,0.000000,0.000000,0.000000,0,0
193,11.661530,0.000000,11.634111,11.596441,8.256197,0.007391,0.000000,1,0.000000,0.000000,0.000000,0.000000,0.000000,0,0
194,11.597872,0.000000,11.569262,11.530638,8.197308,0.007153,0.000000,1,0.000000,0.000000,0.000000,0.000000,0.000000,0,0
195,11.723280,0.000000,11.694431,11.654854,8.424520,0.007629,0.000000,1,0.000000,0.000000,0.000000,0.000000,0.000000,0,0
196,11.701584,0.000000,11.674643,11.636496,8.358002,0.007629,0.000000,1,0.000000,0.000000,0.000000,0.000000,0.000000,0,0
197,11.443377,0.000000,11.415005,11.375904,8.096457,0.007629,0.000000,1,0.000000,0.000000,0.000000,0.000000,0.000000,0,0
198,11.511087,0.000000,11.484385,11.445761,8.241177,0.007153,0.000000,1,0.000000,0.000000,0.000000,0.000000,0.000000,0,0
199,11.410713,0.000000,11.384964,11.346102,8.091688,0.007391,0.000000,1,0.000000,0.000000,0.000000,0.000000,0.000000,0,0
200,11.559010,0.000000,11.530638,11.466980,8.121967,0.007391,0.000000,1,0.000000,0.000000,0.000000,0.000000,0.000000,0,0
201,11.378050,0.000000,11.349440,11.310577,7.884502,0.007391,0.000000,1,0.000000,0.000000,0.000000,0.000000,0.000000,0,0
202,11.586666,0.000000,11.557817,11.519670,8.305550,0.007391,0.000000,1,0.000000,0.000000,0.000000,0.000000,0.000000,0,0
203,11.322498,0.000000,11.297703,11.258841,7.973671,0.007153,0.000238,1,0.000000,0.000000,0.000000,0.000000,0.000000,0,0
204,11.237621,0.000000,11.210203,11.171818,7.848978,0.007153,0.000000,1,0.000000,0.000000,0.000000,0.000000,0.000000,0,0
205,11.413813,0.000000,11.383057,11.343956,8.082390,0.007153,0.000238,1,0.000000,0.000000,0.000000,0.000000,0.000000,0,0
206,11.771202,0.000000,11.739731,11.700630,8.195400,0.007391,0.000000,1,0.000000,0.000000,0.000000,0.000000,0.000000,0,0
207,11.426926,0.000000,11.395693,11.357307,8.059025,0.007868,0.000000,1,0.000000,0.000000,0.000000,0.000000,0.000000,0,0
208,11.330605,0.000000,11.303902,11.264324,8.074999,0.007391,0.000000,1,0.000000,0.000000,0.000000,0.000000,0.000000,0,0
209,11.486292,0.000000,11.456966,11.418581,8.150578,0.006914,0.000000,1,0.000000,0.000000,0.000000,0.000000,0.000000,0,0
210,11.450052,0.000000,11.417150,11.378288,8.066654,0.006914,0.000000,1,0.000000,0.000000,0.000000,0.000000,0.000000,0,0
211,11.005640,0.000000,10.974646,10.934830,7.803440,0.007868,0.000000,1,0.000000,0.000000,0.000000,0.000000,0.000000,0,0
212,11.352301,0.000000,11.327505,11.288881,8.108377,0.007391,0.000000,1,0.000000,0.000000,0.000000,0.000000,0.000000,0,0
213,11.205196,0.000000,11.176586,11.138678,7.840157,0.007153,0.000000,1,0.000000,0.000000,0.000000,0.000000,0.000000,0,0
214,11.520147,0.000000,11.491060,11.452436,8.219481,0.007153,0.000000,1,0.000000,0.000000,0.000000,0.000000,0.000000,0,0
215,11.136532,0.000000,11.109114,11.070490,7.719755,0.007391,0.000000,1,0.000000,0.000000,0.000000,0.000000,0.000000,0,0
216,11.195421,0.000000,11.166811,11.122704,7.967710,0.007153,0.000000,1,0.000000,0.000000,0.000000,0.000000,0.000000,0,0
217,10.811090,0.000000,10.783195,10.744572,7.448912,0.007153,0.000000,1,0.000000,0.000000,0.000000,0.000000,0.000000,0,0
218,11.275530,0.000000,11.245489,11.206388,7.960558,0.007391,0.000000,1,0.000000,0.000000,0.000000,0.000000,0.000000,0,0
219,11.397600,0.000000,11.364698,11.316299,8.046627,0.015259,0.000000,1,0.000000,0.000000,0.000000,0.000000,0.000000,0,0
220,11.355877,0.000000,11.324644,11.285543,7.776499,0.007391,0.000000,1,0.000000,0.000000,0.000000,0.000000,0.000000,0,0
221,10.948420,0.000000,10.918140,10.879517,7.644176,0.007391,0.000000,1,0.000000,0.000000,0.000000,0.000000,0.000000,0,0
222,11.256218,0.000000,11.229515,11.190891,7.862091,0.007153,0.000000,1,0.000000,0.000000,0.000000,0.000000,0.000000,0,0
223,11.329889,0.000000,11.219501,11.183023,7.767200,0.006676,0.000238,1,0.000000,0.000000,0.000000,0.000000,0.000000,0,0
224,11.930704,0.000000,11.891365,11.850834,8.580208,0.007868,0.000000,1,0.000000,0.000000,0.000000,0.000000,0.000000,0,0
225,11.118412,0.000000,11.086941,11.046886,7.682085,0.008106,0.000238,1,0.000000,0.000000,0.000000,0.000000,0.000000,0,0
226,11.476278,0.000000,11.447191,11.408329,8.222103,0.007153,0.000000,1,0.000000,0.000000,0.000000,0.000000,0.000000,0,0
227,11.050463,0.000000,11.019945,10.980606,7.656813,0.007629,0.000238,1,0.000000,0.000000,0.000000,0.000000,0.000000,0,0
228,11.325836,0.000000,11.287451,11.250496,7.990360,0.006676,0.000000,1,0.000000,0.000000,0.000000,0.000000,0.000000,0,0
229,11.205196,0.000000,11.168480,11.127234,7.838964,0.008106,0.000000,1,0.000000,0.000000,0.000000,0.000000,0.000000,0,0
230,11.374235,0.000000,11.345148,11.306047,8.022785,0.007629,0.000000,1,0.000000,0.000000,0.000000,0.000000,0.000000,0,0
231,11.155367,0.000000,11.123419,11.084318,7.762432,0.007629,0.000000,1,0.000000,0.000000,0.000000,0.000000,0.000000,0,0
232,11.321783,0.000000,11.288404,11.248827,7.838488,0.007391,0.000238,1,0.000000,0.000000,0.000000,0.000000,0.000000,0,0
233,10.827303,0.000000,10.797262,10.760546,7.493019,0.006914,0.000238,1,0.000000,0.000000,0.000000,0.000000,0.000000,0,0
234,11.003017,0.000000,10.969400,10.931015,7.678986,0.006914,0.000238,1,0.000000,0.000000,0.000000,0.000000,0.000000,0,0
235,11.427879,0.000000,11.394978,11.355639,7.889748,0.007629,0.000000,1,0.000000,0.000000,0.000000,0.000000,0.000000,0,0
236,11.565685,0.000000,11.530638,11.491060,8.050203,0.007868,0.000000,1,0.000000,0.000000,0.000000,0.000000,0.000000,0,0
237,11.219501,0.000000,11.184454,11.122942,7.757902,0.007391,0.000000,1,0.000000,0.000000,0.000000,0.000000,0.000000,0,0
238,11.020660,0.000000,10.987282,10.948896,7.651567,0.007391,0.000000,1,0.000000,0.000000,0.000000,0.000000,0.000000,0,0
239,11.081934,0.000000,11.049747,11.013508,7.745743,0.006914,0.000000,1,0.000000,0.000000,0.000000,0.000000,0.000000,0,0
240,10.896921,0.000000,10.868073,10.829926,7.637501,0.007629,0.000000,1,0.000000,0.000000,0.000000,0.000000,0.000000,0,0
241,11.212111,0.000000,11.179447,11.141539,7.879257,0.007153,0.000000,1,0.000000,0.000000,0.000000,0.000000,0.000000,0,0
242,11.134386,0.000000,11.105061,11.065483,7.804632,0.007868,0.000000,1,0.000000,0.000000,0.000000,0.000000,0.000000,0,0
243,11.180401,0.000000,11.142731,11.105061,7.691145,0.006914,0.000000,1,0.000000,0.000000,0.000000,0.000000,0.000000,0,0
244,11.184216,0.000000,11.145830,11.105776,7.701874,0.007868,0.000000,1,0.000000,0.000000,0.000000,0.000000,0.000000,0,0
245,11.307716,0.000000,11.273384,11.235237,7.983208,0.006914,0.000000,1,0.000000,0.000000,0.000000,0.000000,0.000000,0,0
246,11.481047,0.000000,11.430740,11.390924,8.031130,0.007391,0.000000,1,0.000000,0.000000,0.000000,0.000000,0.000000,0,0
247,11.205912,0.000000,11.168718,11.127234,7.749557,0.009060,0.000000,1,0.000000,0.000000,0.000000,0.000000,0.000000,0,0
248,11.286259,0.000000,11.253595,11.214972,7.810116,0.007391,0.000000,1,0.000000,0.000000,0.000000,0.000000,0.000000,0,0
249,11.280298,0.000000,11.248350,11.210203,7.946014,0.006914,0.000000,1,0.000000,0.000000,0.000000,0.000000,0.000000,0,0
250,11.023998,0.000000,10.995388,10.956764,7.674694,0.007153,0.000000,1,0.000000,0.000000,0.000000,0.000000,0.000000,0,0
251,11.509180,0.000000,11.478186,11.439085,8.005381,0.007153,0.000000,1,0.000000,0.000000,0.000000,0.000000,0.000000,0,0
252,11.416912,0.000000,11.383057,11.345148,7.978678,0.007629,0.000000,1,0.000000,0.000000,0.000000,0.000000,0.000000,0,0
253,11.557579,0.000000,11.524677,11.486292,8.277655,0.007391,0.000000,1,0.000000,0.000000,0.000000,0.000000,0.000000,0,0
254,11.964560,0.000000,11.929035,11.891127,8.666039,0.007153,0.000000,1,0.000000,0.000000,0.000000,0.000000,0.000000,0,0
255,11.915922,0.000000,11.881113,11.842251,8.512497,0.007391,0.000000,1,0.000000,0.000000,0.000000,0.000000,0.000000,0,0
256,11.472225,0.000000,11.441946,11.402845,8.107901,0.007391,0.000000,1,0.000000,0.000000,0.000000,0.000000,0.000000,0,0
257,11.430740,0.000000,11.397839,11.360168,8.084536,0.006914,0.000238,1,0.000000,0.000000,0.000000,0.000000,0.000000,0,0
258,11.710644,0.000000,11.674643,11.636257,8.293152,0.007391,0.000000,1,0.000000,0.000000,0.000000,0.000000,0.000000,0,0
259,11.161804,0.000000,11.132479,11.094332,7.772923,0.007153,0.000000,1,0.000000,0.000000,0.000000,0.000000,0.000000,0,0
260,11.115551,0.000000,11.053801,11.016369,7.756948,0.007153,0.000000,1,0.000000,0.000000,0.000000,0.000000,0.000000,0,0
261,11.517763,0.000000,11.483192,11.442900,8.119583,0.007391,0.000000,1,0.000000,0.000000,0.000000,0.000000,0.000000,0,0
262,11.600733,0.000000,11.565208,11.526823,8.302450,0.007153,0.000238,1,0.000000,0.000000,0.000000,0.000000,0.000000,0,0
263,11.267662,0.000000,11.228800,11.189938,7.834673,0.007391,0.000000,1,0.000000,0.000000,0.000000,0.000000,0.000000,0,0
264,11.227608,0.000000,11.195660,11.157036,7.827997,0.007629,0.000000,1,0.000000,0.000000,0.000000,0.000000,0.000000,0,0
265,11.492968,0.000000,11.461258,11.423588,8.176327,0.006914,0.000000,1,0.000000,0.000000,0.000000,0.000000,0.000000,0,0
266,11.046648,0.000000,11.014938,10.976553,7.689238,0.007153,0.000000,1,0.000000,0.000000,0.000000,0.000000,0.000000,0,0
267,11.556864,0.000000,11.521578,11.483669,8.058071,0.007629,0.000000,1,0.000000,0.000000,0.000000,0.000000,0.000000,0,0
268,11.431456,0.000000,11.396408,11.357307,7.983923,0.007391,0.000000,1,0.000000,0.000000,0.000000,0.000000,0.000000,0,0
269,11.256933,0.000000,11.224985,11.187553,7.936716,0.006914,0.000000,1,0.000000,0.000000,0.000000,0.000000,0.000000,0,0
270,11.397123,0.000000,11.358976,11.321068,8.243561,0.006914,0.000238,1,0.000000,0.000000,0.000000,0.000000,0.000000,0,0
271,11.323452,0.000000,11.285067,11.245489,7.921219,0.007391,0.000000,1,0.000000,0.000000,0.000000,0.000000,0.000000,0,0
272,11.608362,0.000000,11.563063,11.523485,8.015156,0.007153,0.000000,1,0.000000,0.000000,0.000000,0.000000,0.000000,0,0
273,11.932373,0.000000,11.888027,11.848211,8.404970,0.008106,0.000000,1,0.000000,0.000000,0.000000,0.000000,0.000000,0,0
274,11.062860,0.000000,11.023045,10.985136,7.761717,0.007391,0.000000,1,0.000000,0.000000,0.000000,0.000000,0.000000,0,0
275,11.069536,0.000000,11.035442,10.968447,7.725477,0.035524,0.000477,1,0.000000,0.000000,0.000000,0.000000,0.000000,0,0
276,11.341095,0.000000,11.277199,11.235714,7.585764,0.007629,0.000000,1,0.000000,0.000000,0.000000,0.000000,0.000000,0,0
277,11.889935,0.000000,11.816263,11.773586,8.289814,0.009298,0.000238,1,0.000000,0.000000,0.000000,0.000000,0.000000,0,0
278,10.958433,0.000000,10.898590,10.854959,7.523537,0.009775,0.000000,1,0.000000,0.000000,0.000000,0.000000,0.000000,0,0
279,10.083199,0.000000,10.041475,10.002613,6.888628,0.007391,0.000000,1,0.000000,0.000000,0.000000,0.000000,0.000000,0,0
280,10.593414,0.000000,10.560989,10.524511,7.439375,0.007153,0.000238,1,0.000000,0.000000,0.000000,0.000000,0.000000,0,0
281,10.001898,0.000000,9.958744,9.923935,6.961584,0.006437,0.000000,1,0.000000,0.000000,0.000000,0.000000,0.000000,0,0
282,11.531830,0.000000,11.475325,11.378050,7.866859,0.006914,0.000000,1,0.000000,0.000000,0.000000,0.000000,0.000000,0,0
283,10.926247,0.000000,10.866880,10.827780,7.841110,0.008106,0.000000,1,0.000000,0.000000,0.000000,0.000000,0.000000,0,0
284,10.940313,0.000000,10.900974,10.863304,7.735491,0.008106,0.000000,1,0.000000,0.000000,0.000000,0.000000,0.000000,0,0
285,10.234594,0.000000,10.202646,10.166407,7.085323,0.007391,0.000000,1,0.000000,0.000000,0.000000,0.000000,0.000000,0,0
286,10.876179,0.000000,10.845661,10.810852,7.703781,0.006437,0.000000,1,0.000000,0.000000,0.000000,0.000000,0.000000,0,0
287,10.461092,0.000000,10.425568,10.390520,7.410288,0.006437,0.000000,1,0.000000,0.000000,0.000000,0.000000,0.000000,0,0
288,10.274172,0.000000,10.239601,10.204077,7.092714,0.006676,0.000000,1,0.000000,0.000000,0.000000,0.000000,0.000000,0,0
289,11.202574,0.000000,11.160135,11.124849,7.770300,0.006437,0.000000,1,0.000000,0.000000,0.000000,0.000000,0.000000,0,0
290,10.892153,0.000000,10.849237,10.812521,7.694006,0.007391,0.000000,1,0.000000,0.000000,0.000000,0.000000,0.000000,0,0
291,10.288715,0.000000,10.257244,10.221481,7.113934,0.006914,0.000000,1,0.000000,0.000000,0.000000,0.000000,0.000000,0,0
292,10.399818,0.000000,10.367155,10.332823,7.167816,0.006676,0.000238,1,0.000000,0.000000,0.000000,0.000000,0.000000,0,0
293,10.513783,0.000000,10.476828,10.442257,7.280350,0.006676,0.000000,1,0.000000,0.000000,0.000000,0.000000,0.000000,0,0
294,11.230707,0.000000,11.188745,11.151791,7.842064,0.006914,0.000000,1,0.000000,0.000000,0.000000,0.000000,0.000000,0,0
295,11.183500,0.000000,11.144876,11.107206,7.793665,0.007391,0.000000,1,0.000000,0.000000,0.000000,0.000000,0.000000,0,0
296,11.125326,0.000000,11.086464,11.050940,7.779121,0.006437,0.000000,1,0.000000,0.000000,0.000000,0.000000,0.000000,0,0
297,10.350943,0.000000,10.312319,10.255575,7.070780,0.006914,0.000000,1,0.000000,0.000000,0.000000,0.000000,0.000000,0,0
298,10.917902,0.000000,10.888338,10.852814,7.631540,0.007153,0.000238,1,0.000000,0.000000,0.000000,0.000000,0.000000,0,0
299,10.864496,0.000000,10.827780,10.792255,7.683516,0.006437,0.000000,1,0.000000,0.000000,0.000000,0.000000,0.000000,0,0
300,10.285616,0.000000,10.249615,10.213852,7.146597,0.007153,0.000000,1,0.000000,0.000000,0.000000,0.000000,0.000000,0,0
301,10.668755,0.000000,10.634422,10.599136,7.281542,0.006437,0.000000,1,0.000000,0.000000,0.000000,0.000000,0.000000,0,0
302,10.672092,0.000000,10.633707,10.597467,7.402420,0.006914,0.000238,1,0.000000,0.000000,0.000000,0.000000,0.000000,0,0
303,11.323452,0.000000,11.284828,11.247873,7.938623,0.007391,0.000000,1,0.000000,0.000000,0.000000,0.000000,0.000000,0,0
304,11.117935,0.000000,11.086702,11.047363,7.858992,0.007153,0.000000,1,0.000000,0.000000,0.000000,0.000000,0.000000,0,0
305,10.904789,0.000000,10.869265,10.833979,7.536650,0.006676,0.000000,1,0.000000,0.000000,0.000000,0.000000,0.000000,0,0
306,11.102200,0.000000,11.066675,11.030912,7.678270,0.006437,0.000000,1,0.000000,0.000000,0.000000,0.000000,0.000000,0,0
307,11.287212,0.000000,11.251211,11.215210,7.976294,0.006676,0.000000,1,0.000000,0.000000,0.000000,0.000000,0.000000,0,0
308,11.123896,0.000000,11.084557,11.049032,7.947683,0.006437,0.000000,1,0.000000,0.000000,0.000000,0.000000,0.000000,0,0
309,10.692835,0.000000,10.661364,10.604620,7.641077,0.028610,0.000238,1,0.000000,0.000000,0.000000,0.000000,0.000000,0,0
310,11.058569,0.000000,11.013269,10.977507,7.513762,0.006437,0.000000,1,0.000000,0.000000,0.000000,0.000000,0.000000,0,0
311,10.721922,0.000000,10.679960,10.641813,7.351875,0.008106,0.000000,1,0.000000,0.000000,0.000000,0.000000,0.000000,0,0
312,10.884762,0.000000,10.845661,10.788918,7.306337,0.007391,0.000000,1,0.000000,0.000000,0.000000,0.000000,0.000000,0,0
313,11.384964,0.000000,11.333227,11.297703,7.987022,0.006914,0.000000,1,0.000000,0.000000,0.000000,0.000000,0.000000,0,0
314,11.011600,0.000000,10.965586,10.926723,7.597923,0.008583,0.000238,1,0.000000,0.000000,0.000000,0.000000,0.000000,0,0
315,11.162758,0.000000,11.117458,11.079788,7.687807,0.007391,0.000000,1,0.000000,0.000000,0.000000,0.000000,0.000000,0,0
316,10.787487,0.000000,10.752439,10.714054,7.460594,0.007629,0.000000,1,0.000000,0.000000,0.000000,0.000000,0.000000,0,0
317,10.603189,0.000000,10.554075,10.516644,7.277250,0.006437,0.000000,1,0.000000,0.000000,0.000000,0.000000,0.000000,0,0
318,10.489702,0.000000,10.448217,10.414362,7.034063,0.006437,0.000000,1,0.000000,0.000000,0.000000,0.000000,0.000000,0,0
319,10.308266,0.000000,10.265589,10.230541,7.025719,0.006676,0.000000,1,0.000000,0.000000,0.000000,0.000000,0.000000,0,0
320,10.099173,0.000000,10.064125,10.028839,7.125854,0.007153,0.000000,1,0.000000,0.000000,0.000000,0.000000,0.000000,0,0
321,10.606766,0.000000,10.572910,10.538340,7.270575,0.006199,0.000000,1,0.000000,0.000000,0.000000,0.000000,0.000000,0,0
322,10.702372,0.000000,10.665655,10.631323,7.448673,0.006437,0.000000,1,0.000000,0.000000,0.000000,0.000000,0.000000,0,0
323,10.591745,0.000000,10.552883,10.516882,7.078409,0.006676,0.000000,1,0.000000,0.000000,0.000000,0.000000,0.000000,0,0
324,9.963751,0.000000,9.927273,9.891748,6.924868,0.006676,0.000000,1,0.000000,0.000000,0.000000,0.000000,0.000000,0,0
325,10.820627,0.000000,10.782242,10.747194,7.456779,0.006437,0.000000,1,0.000000,0.000000,0.000000,0.000000,0.000000,0,0
326,10.520458,0.000000,10.478258,10.441303,7.111549,0.006914,0.000000,1,0.000000,0.000000,0.000000,0.000000,0.000000,0,0
327,11.137724,0.000000,11.093855,11.059284,7.821560,0.006676,0.000000,1,0.000000,0.000000,0.000000,0.000000,0.000000,0,0
328,11.372805,0.000000,11.323452,11.286020,7.937193,0.006914,0.000000,1,0.000000,0.000000,0.000000,0.000000,0.000000,0,0
329,11.033058,0.000000,10.990858,10.952234,7.845640,0.007629,0.000000,1,0.000000,0.000000,0.000000,0.000000,0.000000,0,0
330,10.935545,0.000000,10.873079,10.834455,7.602692,0.007868,0.000000,1,0.000000,0.000000,0.000000,0.000000,0.000000,0,0
331,11.389017,0.000000,11.327505,11.286020,8.002043,0.009060,0.000000,1,0.000000,0.000000,0.000000,0.000000,0.000000,0,0
332,11.582613,0.000000,11.512995,11.472940,7.846832,0.008583,0.000000,1,0.000000,0.000000,0.000000,0.000000,0.000000,0,0
333,11.334658,0.000000,11.269093,11.226416,7.770777,0.009298,0.000000,1,0.000000,0.000000,0.000000,0.000000,0.000000,0,0
334,11.686563,0.000000,11.624098,11.584520,7.988453,0.008345,0.000000,1,0.000000,0.000000,0.000000,0.000000,0.000000,0,0
335,11.534929,0.000000,11.474371,11.434317,7.948399,0.008583,0.000000,1,0.000000,0.000000,0.000000,0.000000,0.000000,0,0
336,11.696577,0.000000,11.622667,11.580944,8.142948,0.008821,0.000000,1,0.000000,0.000000,0.000000,0.000000,0.000000,0,0
337,11.292934,0.000000,11.221647,11.177778,7.770061,0.010252,0.000000,1,0.000000,0.000000,0.000000,0.000000,0.000000,0,0
338,11.914492,0.000000,11.845350,11.803389,7.887125,0.008583,0.000000,1,0.000000,0.000000,0.000000,0.000000,0.000000,0,0
339,11.618137,0.000000,11.547565,11.506796,7.561922,0.008583,0.000238,1,0.000000,0.000000,0.000000,0.000000,0.000000,0,0
340,11.021137,0.000000,10.961294,10.919094,7.420301,0.009298,0.000000,1,0.000000,0.000000,0.000000,0.000000,0.000000,0,0
341,12.577772,0.000000,12.509823,12.469292,8.887768,0.008345,0.000000,1,0.000000,0.000000,0.000000,0.000000,0.000000,0,0
342,11.069298,0.000000,11.011839,10.946512,7.160425,0.008821,0.000000,1,0.000000,0.000000,0.000000,0.000000,0.000000,0,0
343,10.814667,0.000000,10.764837,10.727167,7.456541,0.007391,0.000000,1,0.000000,0.000000,0.000000,0.000000,0.000000,0,0
344,10.565996,0.000000,10.518074,10.480404,7.264137,0.007868,0.000000,1,0.000000,0.000000,0.000000,0.000000,0.000000,0,0
345,10.711432,0.000000,10.657310,10.621071,7.217407,0.007153,0.000000,1,0.000000,0.000000,0.000000,0.000000,0.000000,0,0
346,10.437012,0.000000,10.382175,10.342598,7.153988,0.008821,0.000000,1,0.000000,0.000000,0.000000,0.000000,0.000000,0,0
347,10.829687,0.000000,10.772228,10.735273,7.468462,0.007391,0.000477,1,0.000000,0.000000,0.000000,0.000000,0.000000,0,0
348,10.501146,0.000000,10.450125,10.411739,7.072687,0.008345,0.000000,1,0.000000,0.000000,0.000000,0.000000,0.000000,0,0
349,10.935307,0.000000,10.884523,10.847330,7.585287,0.007629,0.000000,1,0.000000,0.000000,0.000000,0.000000,0.000000,0,0
350,10.701656,0.000000,10.654449,10.618448,7.652521,0.007153,0.000000,1,0.000000,0.000000,0.000000,0.000000,0.000000,0,0
351,11.019468,0.000000,10.980129,10.943174,7.807255,0.007391,0.000238,1,0.000000,0.000000,0.000000,0.000000,0.000000,0,0
352,10.593176,0.000000,10.545254,10.509014,7.277012,0.006914,0.000000,1,0.000000,0.000000,0.000000,0.000000,0.000000,0,0
353,10.761261,0.000000,10.708094,10.669947,7.381439,0.007629,0.000000,1,0.000000,0.000000,0.000000,0.000000,0.000000,0,0
354,11.157036,0.000000,11.106253,11.068106,7.924080,0.007868,0.000000,1,0.000000,0.000000,0.000000,0.000000,0.000000,0,0
355,10.836601,0.000000,10.790110,10.752916,7.396698,0.007629,0.000000,1,0.000000,0.000000,0.000000,0.000000,0.000000,0,0
356,10.907888,0.000000,10.853052,10.814190,7.365942,0.006914,0.000000,1,0.000000,0.000000,0.000000,0.000000,0.000000,0,0
357,10.921955,0.000000,10.864735,10.803699,7.352591,0.007629,0.000000,1,0.000000,0.000000,0.000000,0.000000,0.000000,0,0
358,11.033535,0.000000,10.977030,10.937929,7.413149,0.007629,0.000238,1,0.000000,0.000000,0.000000,0.000000,0.000000,0,0
359,10.829926,0.000000,10.777712,10.739565,7.532835,0.008345,0.000000,1,0.000000,0.000000,0.000000,0.000000,0.000000,0,0
360,10.386467,0.000000,10.339260,10.302067,7.173777,0.007391,0.000000,1,0.000000,0.000000,0.000000,0.000000,0.000000,0,0
361,10.691643,0.000000,10.638714,10.601521,7.431746,0.006914,0.000000,1,0.000000,0.000000,0.000000,0.000000,0.000000,0,0
362,10.437965,0.000000,10.386944,10.334492,7.152319,0.021935,0.000000,1,0.000000,0.000000,0.000000,0.000000,0.000000,0,0
363,10.874510,0.000000,10.815859,10.778666,7.648945,0.006914,0.000000,1,0.000000,0.000000,0.000000,0.000000,0.000000,0,0
364,11.020660,0.000000,10.951042,10.911465,7.621765,0.007868,0.000000,1,0.000000,0.000000,0.000000,0.000000,0.000000,0,0
365,10.823011,0.000000,10.771990,10.733604,7.466078,0.008106,0.000000,1,0.000000,0.000000,0.000000,0.000000,0.000000,0,0
366,10.534048,0.000000,10.484695,10.448694,7.257700,0.007391,0.000477,1,0.000000,0.000000,0.000000,0.000000,0.000000,0,0
367,10.458231,0.000000,10.402203,10.364056,7.387638,0.007153,0.000000,1,0.000000,0.000000,0.000000,0.000000,0.000000,0,0
368,10.922670,0.000000,10.864735,10.825872,7.492065,0.007629,0.000000,1,0.000000,0.000000,0.000000,0.000000,0.000000,0,0
369,11.069059,0.000000,11.008024,10.969400,7.700443,0.007629,0.000000,1,0.000000,0.000000,0.000000,0.000000,0.000000,0,0
370,10.655403,0.000000,10.598898,10.559082,7.408619,0.008345,0.000000,1,0.000000,0.000000,0.000000,0.000000,0.000000,0,0
371,10.806084,0.000000,10.748386,10.710239,7.499933,0.007629,0.000000,1,0.000000,0.000000,0.000000,0.000000,0.000000,0,0
372,10.758162,0.000000,10.700464,10.645390,7.536888,0.024080,0.000000,1,0.000000,0.000000,0.000000,0.000000,0.000000,0,0
373,10.837078,0.000000,10.771751,10.733366,7.634878,0.008106,0.000000,1,0.000000,0.000000,0.000000,0.000000,0.000000,0,0
374,11.043549,0.000000,10.974646,10.934830,7.538319,0.008583,0.000000,1,0.000000,0.000000,0.000000,0.000000,0.000000,0,0
375,10.815144,0.000000,10.752439,10.712385,7.393599,0.008345,0.000000,1,0.000000,0.000000,0.000000,0.000000,0.000000,0,0
376,10.903120,0.000000,10.842800,10.802746,7.562399,0.007868,0.000000,1,0.000000,0.000000,0.000000,0.000000,0.000000,0,0
377,10.709286,0.000000,10.649204,10.610580,7.599115,0.008106,0.000000,1,0.000000,0.000000,0.000000,0.000000,0.000000,0,0
378,10.739326,0.000000,10.687113,10.649204,7.448673,0.007391,0.000000,1,0.000000,0.000000,0.000000,0.000000,0.000000,0,0
379,10.521889,0.000000,10.465622,10.426521,7.370710,0.007868,0.000000,1,0.000000,0.000000,0.000000,0.000000,0.000000,0,0
380,10.904312,0.000000,10.845423,10.808229,7.476807,0.007629,0.000000,1,0.000000,0.000000,0.000000,0.000000,0.000000,0,0
381,11.247873,0.000000,11.159658,11.119366,7.753372,0.008106,0.000477,1,0.000000,0.000000,0.000000,0.000000,0.000000,0,0
382,12.741804,0.000000,12.655258,12.611628,7.986546,0.009537,0.000000,1,0.000000,0.000000,0.000000,0.000000,0.000000,0,0
383,11.904001,0.000000,11.800766,11.756420,8.169413,0.009298,0.000000,1,0.000000,0.000000,0.000000,0.000000,0.000000,0,0
384,11.629343,0.000000,11.513233,11.464834,8.063078,0.012875,0.000000,1,0.000000,0.000000,0.000000,0.000000,0.000000,0,0
385,11.272192,0.000000,11.201620,11.146069,8.110285,0.023603,0.000000,1,0.000000,0.000000,0.000000,0.000000,0.000000,0,0
386,10.747433,0.000000,10.688782,10.649443,7.262468,0.008583,0.000000,1,0.000000,0.000000,0.000000,0.000000,0.000000,0,0
387,11.856556,0.000000,11.780500,11.740685,8.318901,0.008106,0.000238,1,0.000000,0.000000,0.000000,0.000000,0.000000,0,0
388,11.223555,0.000000,11.152267,11.095524,7.792473,0.009537,0.000000,1,0.000000,0.000000,0.000000,0.000000,0.000000,0,0
389,11.274576,0.000000,11.204720,11.164904,7.731676,0.008345,0.000000,1,0.000000,0.000000,0.000000,0.000000,0.000000,0,0
390,11.209726,0.000000,11.129379,11.089087,7.388115,0.008821,0.000238,1,0.000000,0.000000,0.000000,0.000000,0.000000,0,0
	edit cache miss
391,9595.774651,13.117552,2120.306969,3544.690847,3447.689772,0.564814,0.000000,4,9960.098267,1.288652,0.000000,517.925501,5286.586761,4,1
392,10.143280,0.000000,10.083437,10.041475,6.786346,0.010252,0.000000,1,0.000000,0.000000,0.000000,0.000000,0.000000,0,0
393,10.523319,0.000000,10.474205,10.436773,7.251740,0.007629,0.000000,1,0.000000,0.000000,0.000000,0.000000,0.000000,0,0
394,10.493279,0.000000,10.442257,10.402441,7.229328,0.007629,0.000000,1,0.000000,0.000000,0.000000,0.000000,0.000000,0,0
395,10.574818,0.000000,10.525942,10.486841,7.388592,0.007629,0.000000,1,0.000000,0.000000,0.000000,0.000000,0.000000,0,0
396,10.689259,0.000000,10.649204,10.595083,7.199049,0.022411,0.000000,1,0.000000,0.000000,0.000000,0.000000,0.000000,0,0
397,10.934591,0.000000,10.894775,10.857105,7.403851,0.007153,0.000000,1,0.000000,0.000000,0.000000,0.000000,0.000000,0,0
398,11.191130,0.000000,11.150599,11.111975,7.555008,0.007391,0.000000,1,0.000000,0.000000,0.000000,0.000000,0.000000,0,0
399,11.369705,0.000000,11.328936,11.095524,7.587671,0.007153,0.000000,1,0.000000,0.000000,0.000000,0.000000,0.000000,0,0
400,10.926247,0.000000,10.881901,10.844707,7.552385,0.006914,0.000000,1,0.000000,0.000000,0.000000,0.000000,0.000000,0,0
401,11.092186,0.000000,11.047602,10.803938,7.163763,0.007629,0.000000,1,0.000000,0.000000,0.000000,0.000000,0.000000,0,0
402,10.702610,0.000000,10.665178,10.572195,7.460594,0.007391,0.000000,1,0.000000,0.000000,0.000000,0.000000,0.000000,0,0
403,10.545254,0.000000,10.505676,10.468245,7.107496,0.007153,0.000000,1,0.000000,0.000000,0.000000,0.000000,0.000000,0,0
404,10.775805,0.000000,10.733843,10.695457,7.397413,0.007391,0.000000,1,0.000000,0.000000,0.000000,0.000000,0.000000,0,0
405,10.374784,0.000000,10.337591,10.299206,7.396698,0.007391,0.000000,1,0.000000,0.000000,0.000000,0.000000,0.000000,0,0
406,10.960340,0.000000,10.913849,10.875940,7.614374,0.006676,0.000000,1,0.000000,0.000000,0.000000,0.000000,0.000000,0,0
407,10.515928,0.000000,10.469675,10.430098,7.245302,0.007629,0.000000,1,0.000000,0.000000,0.000000,0.000000,0.000000,0,0
408,10.822296,0.000000,10.784388,10.747671,7.389784,0.006676,0.000238,1,0.000000,0.000000,0.000000,0.000000,0.000000,0,0
409,10.549545,0.000000,10.509729,10.472059,7.201910,0.007153,0.000000,1,0.000000,0.000000,0.000000,0.000000,0.000000,0,0
410,10.645151,0.000000,10.601759,10.562897,7.302761,0.006914,0.000000,1,0.000000,0.000000,0.000000,0.000000,0.000000,0,0
411,10.548592,0.000000,10.502338,10.464668,7.179022,0.007153,0.000000,1,0.000000,0.000000,0.000000,0.000000,0.000000,0,0
412,10.376692,0.000000,10.310173,10.273218,7.147789,0.006914,0.000000,1,0.000000,0.000000,0.000000,0.000000,0.000000,0,0
413,10.600567,0.000000,10.553122,10.513783,7.315397,0.007391,0.000000,1,0.000000,0.000000,0.000000,0.000000,0.000000,0,0
414,10.755301,0.000000,10.693312,10.653973,7.607460,0.007153,0.000238,1,0.000000,0.000000,0.000000,0.000000,0.000000,0,0
415,11.138439,0.000000,11.091948,11.049032,7.712841,0.007391,0.000238,1,0.000000,0.000000,0.000000,0.000000,0.000000,0,0
416,10.606289,0.000000,10.566950,10.524750,7.227421,0.007868,0.000000,1,0.000000,0.000000,0.000000,0.000000,0.000000,0,0
417,11.362553,0.000000,11.314631,11.272669,7.983923,0.007629,0.000238,1,0.000000,0.000000,0.000000,0.000000,0.000000,0,0
418,11.120558,0.000000,11.071444,11.020899,7.662773,0.010967,0.000000,1,0.000000,0.000000,0.000000,0.000000,0.000000,0,0
419,10.673285,0.000000,10.629177,10.591745,7.316828,0.007391,0.000000,1,0.000000,0.000000,0.000000,0.000000,0.000000,0,0
420,10.456324,0.000000,10.403872,10.365248,7.272482,0.007391,0.000238,1,0.000000,0.000000,0.000000,0.000000,0.000000,0,0
421,10.736704,0.000000,10.690212,10.650158,7.231236,0.007868,0.000000,1,0.000000,0.000000,0.000000,0.000000,0.000000,0,0
422,10.770798,0.000000,10.726213,10.688305,7.648230,0.006914,0.000000,1,0.000000,0.000000,0.000000,0.000000,0.000000,0,0
423,11.046886,0.000000,10.999441,10.961294,7.539749,0.007153,0.000000,1,0.000000,0.000000,0.000000,0.000000,0.000000,0,0
424,11.494637,0.000000,11.447906,11.408567,8.116007,0.007391,0.000000,1,0.000000,0.000000,0.000000,0.000000,0.000000,0,0
425,10.451794,0.000000,10.407925,10.341883,7.132769,0.007868,0.000000,1,0.000000,0.000000,0.000000,0.000000,0.000000,0,0
426,10.747433,0.000000,10.705709,10.666370,7.461309,0.007391,0.000238,1,0.000000,0.000000,0.000000,0.000000,0.000000,0,0
427,10.188341,0.000000,10.146141,10.106325,6.886959,0.010252,0.000000,1,0.000000,0.000000,0.000000,0.000000,0.000000,0,0
428,10.209084,0.000000,10.169029,10.132551,6.929636,0.006437,0.000000,1,0.000000,0.000000,0.000000,0.000000,0.000000,0,0
429,10.699511,0.000000,10.653496,10.615587,7.486343,0.006676,0.000000,1,0.000000,0.000000,0.000000,0.000000,0.000000,0,0
430,10.704756,0.000000,10.659218,10.620594,7.421732,0.006914,0.000000,1,0.000000,0.000000,0.000000,0.000000,0.000000,0,0
431,10.210276,0.000000,10.171175,10.134459,7.262468,0.006676,0.000000,1,0.000000,0.000000,0.000000,0.000000,0.000000,0,0
432,10.429144,0.000000,10.384321,10.344982,7.178545,0.006676,0.000000,1,0.000000,0.000000,0.000000,0.000000,0.000000,0,0
433,11.081696,0.000000,11.036634,10.997057,7.790804,0.007153,0.000238,1,0.000000,0.000000,0.000000,0.000000,0.000000,0,0
434,10.489702,0.000000,10.446548,10.405302,7.197142,0.007391,0.000000,1,0.000000,0.000000,0.000000,0.000000,0.000000,0,0
435,10.185242,0.000000,10.136843,10.098219,7.171392,0.006914,0.000000,1,0.000000,0.000000,0.000000,0.000000,0.000000,0,0
436,10.518789,0.000000,10.472059,10.429144,7.169962,0.007629,0.000000,1,0.000000,0.000000,0.000000,0.000000,0.000000,0,0
437,10.918379,0.000000,10.878801,10.838747,7.659912,0.006914,0.000000,1,0.000000,0.000000,0.000000,0.000000,0.000000,0,0
438,11.281013,0.000000,11.236429,11.196852,7.917881,0.006914,0.000000,1,0.000000,0.000000,0.000000,0.000000,0.000000,0,0
439,10.841608,0.000000,10.793209,10.751963,7.290363,0.007868,0.000000,1,0.000000,0.000000,0.000000,0.000000,0.000000,0,0
440,10.915518,0.000000,10.870218,10.828495,7.435560,0.007391,0.000238,1,0.000000,0.000000,0.000000,0.000000,0.000000,0,0
441,10.455370,0.000000,10.400057,10.357618,7.305861,0.007153,0.000000,1,0.000000,0.000000,0.000000,0.000000,0.000000,0,0
442,10.969162,0.000000,10.916710,10.872126,7.517099,0.008583,0.000000,1,0.000000,0.000000,0.000000,0.000000,0.000000,0,0
443,11.015415,0.000000,10.940790,10.898590,7.472992,0.006676,0.000000,1,0.000000,0.000000,0.000000,0.000000,0.000000,0,0
444,10.834694,0.000000,10.758400,10.714054,7.444382,0.010729,0.000000,1,0.000000,0.000000,0.000000,0.000000,0.000000,0,0
445,11.133432,0.000000,11.075258,11.031628,7.488966,0.010729,0.000238,1,0.000000,0.000000,0.000000,0.000000,0.000000,0,0
446,10.922909,0.000000,10.871172,10.827303,7.445812,0.007629,0.000000,1,0.000000,0.000000,0.000000,0.000000,0.000000,0,0
447,10.852098,0.000000,10.804176,10.720968,7.313490,0.007868,0.000000,1,0.000000,0.000000,0.000000,0.000000,0.000000,0,0
448,10.841131,0.000000,10.797977,10.756016,7.536173,0.007391,0.000000,1,0.000000,0.000000,0.000000,0.000000,0.000000,0,0
449,11.119366,0.000000,11.073589,11.032104,7.756710,0.007391,0.000000,1,0.000000,0.000000,0.000000,0.000000,0.000000,0,0
450,10.917664,0.000000,10.869741,10.827303,7.445812,0.007629,0.000000,1,0.000000,0.000000,0.000000,0.000000,0.000000,0,0
451,10.955334,0.000000,10.911942,10.872364,7.482529,0.007153,0.000000,1,0.000000,0.000000,0.000000,0.000000,0.000000,0,0
452,10.900021,0.000000,10.853529,10.812283,7.479429,0.006914,0.000000,1,0.000000,0.000000,0.000000,0.000000,0.000000,0,0
453,10.987282,0.000000,10.942698,10.902643,7.628918,0.007391,0.000000,1,0.000000,0.000000,0.000000,0.000000,0.000000,0,0
454,11.149645,0.000000,11.080265,11.039019,7.698298,0.006914,0.000238,1,0.000000,0.000000,0.000000,0.000000,0.000000,0,0
455,10.472536,0.000000,10.426283,10.382414,7.206202,0.007868,0.000000,1,0.000000,0.000000,0.000000,0.000000,0.000000,0,0
456,10.648727,0.000000,10.605574,10.564804,7.258654,0.008345,0.000000,1,0.000000,0.000000,0.000000,0.000000,0.000000,0,0
457,10.591745,0.000000,10.548115,10.504484,7.207870,0.007868,0.000238,1,0.000000,0.000000,0.000000,0.000000,0.000000,0,0
458,11.421204,0.000000,11.366844,11.324883,7.934332,0.009537,0.000238,1,0.000000,0.000000,0.000000,0.000000,0.000000,0,0
459,10.826349,0.000000,10.775805,10.730982,7.593393,0.008345,0.000000,1,0.000000,0.000000,0.000000,0.000000,0.000000,0,0
460,10.982037,0.000000,10.941029,10.898113,7.563591,0.007868,0.000000,1,0.000000,0.000000,0.000000,0.000000,0.000000,0,0
461,11.620522,0.000000,11.571646,11.528730,8.195877,0.006914,0.000238,1,0.000000,0.000000,0.000000,0.000000,0.000000,0,0
462,10.851860,0.000000,10.802269,10.757446,7.408857,0.008106,0.000238,1,0.000000,0.000000,0.000000,0.000000,0.000000,0,0
463,10.632515,0.000000,10.589600,10.547161,7.270336,0.007629,0.000000,1,0.000000,0.000000,0.000000,0.000000,0.000000,0,0
464,11.189938,0.000000,11.147738,11.104584,7.847786,0.007629,0.000000,1,0.000000,0.000000,0.000000,0.000000,0.000000,0,0
465,11.255980,0.000000,11.209726,11.148930,7.876396,0.027657,0.000238,1,0.000000,0.000000,0.000000,0.000000,0.000000,0,0
466,11.379957,0.000000,11.326790,11.282921,7.924080,0.007391,0.000000,1,0.000000,0.000000,0.000000,0.000000,0.000000,0,0
467,11.334896,0.000000,11.281490,11.236429,7.856369,0.008821,0.000000,1,0.000000,0.000000,0.000000,0.000000,0.000000,0,0
468,10.600567,0.000000,10.560513,10.516644,7.285357,0.008106,0.000000,1,0.000000,0.000000,0.000000,0.000000,0.000000,0,0
469,11.726618,0.000000,11.684418,11.642218,8.339643,0.007391,0.000000,1,0.000000,0.000000,0.000000,0.000000,0.000000,0,0
470,10.699511,0.000000,10.660410,10.611534,7.405043,0.007629,0.000238,1,0.000000,0.000000,0.000000,0.000000,0.000000,0,0
471,10.640860,0.000000,10.598660,10.557890,7.217169,0.007153,0.000000,1,0.000000,0.000000,0.000000,0.000000,0.000000,0,0
472,10.653257,0.000000,10.603428,10.559797,7.260799,0.007629,0.000000,1,0.000000,0.000000,0.000000,0.000000,0.000000,0,0
473,11.185169,0.000000,11.140108,11.097670,7.861614,0.007629,0.000000,1,0.000000,0.000000,0.000000,0.000000,0.000000,0,0
474,10.510683,0.000000,10.472298,10.428667,7.217407,0.007868,0.000000,1,0.000000,0.000000,0.000000,0.000000,0.000000,0,0
475,11.291265,0.000000,11.247635,11.205673,7.972002,0.006676,0.000000,1,0.000000,0.000000,0.000000,0.000000,0.000000,0,0
476,11.686563,0.000000,11.639833,11.595488,8.300304,0.007391,0.000000,1,0.000000,0.000000,0.000000,0.000000,0.000000,0,0
477,11.255741,0.000000,11.215448,11.172295,7.845879,0.007629,0.000000,1,0.000000,0.000000,0.000000,0.000000,0.000000,0,0
478,10.655165,0.000000,10.609627,10.567665,7.269859,0.007153,0.000000,1,0.000000,0.000000,0.000000,0.000000,0.000000,0,0
479,11.158705,0.000000,11.114359,11.072397,7.790089,0.007629,0.000238,1,0.000000,0.000000,0.000000,0.000000,0.000000,0,0
480,11.285782,0.000000,11.243820,11.202812,7.787943,0.007153,0.000238,1,0.000000,0.000000,0.000000,0.000000,0.000000,0,0
481,10.506868,0.000000,10.462523,10.420561,7.169485,0.006914,0.000238,1,0.000000,0.000000,0.000000,0.000000,0.000000,0,0
482,10.637045,0.000000,10.515690,10.478258,7.256746,0.006676,0.000000,1,0.000000,0.000000,0.000000,0.000000,0.000000,0,0
483,10.571003,0.000000,10.525942,10.489225,7.179022,0.006437,0.000000,1,0.000000,0.000000,0.000000,0.000000,0.000000,0,0
484,10.459900,0.000000,10.417938,10.380030,7.142305,0.006676,0.000000,1,0.000000,0.000000,0.000000,0.000000,0.000000,0,0
485,11.042356,0.000000,10.989666,10.949850,7.587910,0.006437,0.000000,1,0.000000,0.000000,0.000000,0.000000,0.000000,0,0
486,10.735989,0.000000,10.686159,10.644436,7.293940,0.008106,0.000000,1,0.000000,0.000000,0.000000,0.000000,0.000000,0,0
487,10.978460,0.000000,10.925293,10.882854,7.482767,0.007153,0.000000,1,0.000000,0.000000,0.000000,0.000000,0.000000,0,0
488,10.804176,0.000000,10.760546,10.717630,7.495642,0.007391,0.000000,1,0.000000,0.000000,0.000000,0.000000,0.000000,0,0
489,10.967255,0.000000,10.920048,10.830879,7.489920,0.006914,0.000000,1,0.000000,0.000000,0.000000,0.000000,0.000000,0,0
490,10.550022,0.000000,10.437250,10.400057,7.182360,0.006914,0.000000,1,0.000000,0.000000,0.000000,0.000000,0.000000,0,0
491,10.504723,0.000000,10.458946,10.417223,7.385492,0.006914,0.000000,1,0.000000,0.000000,0.000000,0.000000,0.000000,0,0
492,10.705948,0.000000,10.654688,10.613441,7.266521,0.006914,0.000000,1,0.000000,0.000000,0.000000,0.000000,0.000000,0,0
493,10.951042,0.000000,10.903597,10.859728,7.614374,0.008106,0.000000,1,0.000000,0.000000,0.000000,0.000000,0.000000,0,0
494,10.838747,0.000000,10.788679,10.747910,7.490158,0.007153,0.000000,1,0.000000,0.000000,0.000000,0.000000,0.000000,0,0
495,10.967016,0.000000,10.908604,10.868073,7.605314,0.006437,0.000000,1,0.000000,0.000000,0.000000,0.000000,0.000000,0,0
496,10.744333,0.000000,10.691643,10.652304,7.336617,0.007629,0.000000,1,0.000000,0.000000,0.000000,0.000000,0.000000,0,0
497,10.540724,0.000000,10.496855,10.455132,7.241249,0.007153,0.000000,1,0.000000,0.000000,0.000000,0.000000,0.000000,0,0
498,10.809898,0.000000,10.762691,10.722399,7.626295,0.006676,0.000000,1,0.000000,0.000000,0.000000,0.000000,0.000000,0,0
499,10.963202,0.000000,10.912657,10.874748,7.481813,0.006914,0.000000,1,0.000000,0.000000,0.000000,0.000000,0.000000,0,0
500,11.256695,0.000000,11.208534,11.170387,7.878304,0.006914,0.000000,1,0.000000,0.000000,0.000000,0.000000,0.000000,0,0
501,10.717392,0.000000,10.662556,10.622263,7.417679,0.006914,0.000000,1,0.000000,0.000000,0.000000,0.000000,0.000000,0,0
502,10.788918,0.000000,10.731936,10.689735,7.502556,0.007868,0.000000,1,0.000000,0.000000,0.000000,0.000000,0.000000,0,0
503,11.228561,0.000000,11.177540,11.141062,7.797480,0.006676,0.000000,1,0.000000,0.000000,0.000000,0.000000,0.000000,0,0
504,10.735035,0.000000,10.679245,10.639906,7.328272,0.006914,0.000000,1,0.000000,0.000000,0.000000,0.000000,0.000000,0,0
505,10.957956,0.000000,10.901690,10.859251,7.577658,0.007391,0.000238,1,0.000000,0.000000,0.000000,0.000000,0.000000,0,0
506,10.736227,0.000000,10.686874,10.647297,7.322550,0.007153,0.000000,1,0.000000,0.000000,0.000000,0.000000,0.000000,0,0
507,11.084318,0.000000,11.037350,10.997057,7.490396,0.010014,0.000000,1,0.000000,0.000000,0.000000,0.000000,0.000000,0,0
508,11.120558,0.000000,11.061668,11.023045,7.706165,0.005960,0.000000,1,0.000000,0.000000,0.000000,0.000000,0.000000,0,0
509,10.439157,0.000000,10.388851,10.349512,7.042408,0.006676,0.000000,1,0.000000,0.000000,0.000000,0.000000,0.000000,0,0
510,3.888845,0.000000,3.840446,3.776789,0.516891,0.007391,0.000000,1,0.000000,0.000000,0.000000,0.000000,0.000000,0,0
511,10.818005,0.000000,10.773420,10.736704,7.549286,0.008106,0.000000,1,0.000000,0.000000,0.000000,0.000000,0.000000,0,0
512,10.520458,0.000000,10.447741,10.411024,7.201672,0.006676,0.000238,1,0.000000,0.000000,0.000000,0.000000,0.000000,0,0
513,10.682106,0.000000,10.622263,10.580301,6.937742,0.011444,0.000238,1,0.000000,0.000000,0.000000,0.000000,0.000000,0,0
514,10.551691,0.000000,10.492802,10.454416,7.192135,0.009298,0.000000,1,0.000000,0.000000,0.000000,0.000000,0.000000,0,0
515,10.345697,0.000000,10.302544,10.264397,7.189035,0.009537,0.000000,1,0.000000,0.000000,0.000000,0.000000,0.000000,0,0
516,10.878325,0.000000,10.821819,10.783195,7.483244,0.009298,0.000000,1,0.000000,0.000000,0.000000,0.000000,0.000000,0,0
517,10.777235,0.000000,10.725021,10.685205,7.367849,0.010729,0.000477,1,0.000000,0.000000,0.000000,0.000000,0.000000,0,0
518,10.766506,0.000000,10.720491,10.683298,7.613659,0.008583,0.000000,1,0.000000,0.000000,0.000000,0.000000,0.000000,0,0
519,10.147333,0.000000,10.085821,10.050774,6.976843,0.006676,0.000000,1,0.000000,0.000000,0.000000,0.000000,0.000000,0,0
520,10.834694,0.000000,10.779858,10.740519,7.553101,0.009298,0.000000,1,0.000000,0.000000,0.000000,0.000000,0.000000,0,0
521,10.644197,0.000000,10.594368,10.554314,7.312059,0.010014,0.000000,1,0.000000,0.000000,0.000000,0.000000,0.000000,0,0
522,11.343002,0.000000,11.277437,11.239052,7.913113,0.009060,0.000000,1,0.000000,0.000000,0.000000,0.000000,0.000000,0,0
523,10.438442,0.000000,10.385513,10.345459,7.124186,0.009775,0.000000,1,0.000000,0.000000,0.000000,0.000000,0.000000,0,0
524,11.113167,0.000000,11.059284,11.017799,7.619858,0.010014,0.000000,1,0.000000,0.000000,0.000000,0.000000,0.000000,0,0
525,10.415316,0.000000,10.362148,10.321856,7.360458,0.009537,0.000000,1,0.000000,0.000000,0.000000,0.000000,0.000000,0,0
526,10.307550,0.000000,10.253429,10.216475,7.019997,0.007868,0.000000,1,0.000000,0.000000,0.000000,0.000000,0.000000,0,0
527,10.836363,0.000000,10.781288,10.741234,7.304907,0.009298,0.000000,1,0.000000,0.000000,0.000000,0.000000,0.000000,0,0
528,10.806561,0.000000,10.751009,10.692596,7.444859,0.009298,0.000000,1,0.000000,0.000000,0.000000,0.000000,0.000000,0,0
529,10.143995,0.000000,10.061979,10.024548,6.831884,0.009775,0.000000,1,0.000000,0.000000,0.000000,0.000000,0.000000,0,0
530,10.686159,0.000000,10.635853,10.600805,7.444620,0.006676,0.000238,1,0.000000,0.000000,0.000000,0.000000,0.000000,0,0
531,10.344267,0.000000,10.293007,10.257006,7.342100,0.007153,0.000000,1,0.000000,0.000000,0.000000,0.000000,0.000000,0,0
532,10.457039,0.000000,10.406971,10.371685,7.226467,0.006914,0.000000,1,0.000000,0.000000,0.000000,0.000000,0.000000,0,0
533,10.580540,0.000000,10.516882,10.416746,7.076025,0.033379,0.000000,1,0.000000,0.000000,0.000000,0.000000,0.000000,0,0
534,10.717630,0.000000,10.655880,10.618925,7.614613,0.007868,0.000000,1,0.000000,0.000000,0.000000,0.000000,0.000000,0,0
535,10.174751,0.000000,10.122299,10.032415,7.121801,0.025988,0.000238,1,0.000000,0.000000,0.000000,0.000000,0.000000,0,0
536,11.110544,0.000000,11.055946,11.022568,7.847548,0.006199,0.000000,1,0.000000,0.000000,0.000000,0.000000,0.000000,0,0
537,10.145187,0.000000,10.094166,10.014296,6.962061,0.006914,0.000000,1,0.000000,0.000000,0.000000,0.000000,0.000000,0,0
538,10.823965,0.000000,10.750294,10.715961,7.460833,0.006199,0.000477,1,0.000000,0.000000,0.000000,0.000000,0.000000,0,0
539,9.696245,0.000000,9.628534,9.531975,6.753445,0.026464,0.000000,1,0.000000,0.000000,0.000000,0.000000,0.000000,0,0
540,10.411263,0.000000,10.355473,10.301352,7.364988,0.006437,0.000000,1,0.000000,0.000000,0.000000,0.000000,0.000000,0,0
541,9.855270,0.000000,9.809732,9.775400,6.849051,0.007391,0.000000,1,0.000000,0.000000,0.000000,0.000000,0.000000,0,0
542,10.776758,0.000000,10.728598,10.694504,7.668734,0.006199,0.000000,1,0.000000,0.000000,0.000000,0.000000,0.000000,0,0
543,10.489464,0.000000,10.426044,10.391235,7.257938,0.006914,0.000000,1,0.000000,0.000000,0.000000,0.000000,0.000000,0,0
544,10.596514,0.000000,10.549068,10.492086,7.143736,0.026941,0.000000,1,0.000000,0.000000,0.000000,0.000000,0.000000,0,0
545,10.682344,0.000000,10.601044,10.565281,7.314444,0.006437,0.000238,1,0.000000,0.000000,0.000000,0.000000,0.000000,0,0
546,10.999203,0.000000,10.942459,10.762215,7.334471,0.010729,0.000000,1,0.000000,0.000000,0.000000,0.000000,0.000000,0,0
547,10.181665,0.000000,10.125160,10.091782,6.972075,0.005960,0.000000,1,0.000000,0.000000,0.000000,0.000000,0.000000,0,0
548,10.054350,0.000000,10.002136,9.966850,6.801367,0.006437,0.000000,1,0.000000,0.000000,0.000000,0.000000,0.000000,0,0
549,10.050774,0.000000,9.997129,9.961128,6.970644,0.006914,0.000000,1,0.000000,0.000000,0.000000,0.000000,0.000000,0,0
550,10.478497,0.000000,10.429382,10.394812,7.230043,0.006437,0.000000,1,0.000000,0.000000,0.000000,0.000000,0.000000,0,0
551,10.261297,0.000000,10.198116,10.162354,6.982565,0.006914,0.000000,1,0.000000,0.000000,0.000000,0.000000,0.000000,0,0
552,10.050774,0.000000,9.988070,9.949446,6.793737,0.008345,0.000000,1,0.000000,0.000000,0.000000,0.000000,0.000000,0,0
553,10.654926,0.000000,10.582447,10.521412,7.348776,0.006914,0.000000,1,0.000000,0.000000,0.000000,0.000000,0.000000,0,0
554,10.050058,0.000000,9.988785,9.953976,6.826162,0.006914,0.000000,1,0.000000,0.000000,0.000000,0.000000,0.000000,0,0
555,10.846615,0.000000,10.781765,10.746241,7.569790,0.006676,0.000000,1,0.000000,0.000000,0.000000,0.000000,0.000000,0,0
556,10.298967,0.000000,10.247231,10.211468,6.754398,0.007153,0.000000,1,0.000000,0.000000,0.000000,0.000000,0.000000,0,0
557,11.853218,0.000000,11.701345,11.664867,8.197308,0.006914,0.000000,1,0.000000,0.000000,0.000000,0.000000,0.000000,0,0
558,10.781050,0.000000,10.696411,10.654926,7.347584,0.009298,0.000000,1,0.000000,0.000000,0.000000,0.000000,0.000000,0,0
559,11.684179,0.000000,11.572838,11.531115,8.336782,0.009060,0.000000,1,0.000000,0.000000,0.000000,0.000000,0.000000,0,0
560,11.878252,0.000000,11.712313,11.617661,7.924080,0.012636,0.000000,1,0.000000,0.000000,0.000000,0.000000,0.000000,0,0
561,10.635614,0.000000,10.517120,10.387182,7.346153,0.053167,0.000238,1,0.000000,0.000000,0.000000,0.000000,0.000000,0,0
562,10.031700,0.000000,9.952545,9.891510,7.081747,0.012398,0.000000,1,0.000000,0.000000,0.000000,0.000000,0.000000,0,0
563,10.631561,0.000000,10.560751,10.522604,7.421494,0.008106,0.000000,1,0.000000,0.000000,0.000000,0.000000,0.000000,0,0
564,10.868549,0.000000,10.784149,10.743380,7.367134,0.008345,0.000000,1,0.000000,0.000000,0.000000,0.000000,0.000000,0,0
565,10.335207,0.000000,10.256290,10.216475,7.020950,0.008583,0.000000,1,0.000000,0.000000,0.000000,0.000000,0.000000,0,0
566,11.145830,0.000000,11.060238,11.014700,7.712126,0.010014,0.000000,1,0.000000,0.000000,0.000000,0.000000,0.000000,0,0
567,10.236740,0.000000,10.170221,10.129213,7.001638,0.009298,0.000000,1,0.000000,0.000000,0.000000,0.000000,0.000000,0,0
568,9.978533,0.000000,9.916067,9.877443,7.030249,0.007868,0.000000,1,0.000000,0.000000,0.000000,0.000000,0.000000,0,0
569,10.660410,0.000000,10.578156,10.539532,7.229567,0.007629,0.000000,1,0.000000,0.000000,0.000000,0.000000,0.000000,0,0
570,10.499477,0.000000,10.440350,10.399580,7.170439,0.008583,0.000000,1,0.000000,0.000000,0.000000,0.000000,0.000000,0,0
571,10.342598,0.000000,10.290861,10.254860,7.144213,0.007153,0.000000,1,0.000000,0.000000,0.000000,0.000000,0.000000,0,0
572,10.539293,0.000000,10.478497,10.442734,7.246017,0.006676,0.000000,1,0.000000,0.000000,0.000000,0.000000,0.000000,0,0
573,10.579586,0.000000,10.514975,10.478020,7.473946,0.007629,0.000000,1,0.000000,0.000000,0.000000,0.000000,0.000000,0,0
574,9.992361,0.000000,9.926796,9.891748,7.048130,0.006437,0.000238,1,0.000000,0.000000,0.000000,0.000000,0.000000,0,0
575,10.442734,0.000000,10.366440,10.330200,7.310152,0.006199,0.000000,1,0.000000,0.000000,0.000000,0.000000,0.000000,0,0
576,10.614157,0.000000,10.561705,10.522604,7.632494,0.008106,0.000000,1,0.000000,0.000000,0.000000,0.000000,0.000000,0,0
577,10.429859,0.000000,10.380268,10.344744,7.227182,0.006437,0.000238,1,0.000000,0.000000,0.000000,0.000000,0.000000,0,0
578,10.691166,0.000000,10.633707,10.596752,7.394552,0.006676,0.000000,1,0.000000,0.000000,0.000000,0.000000,0.000000,0,0
579,10.640860,0.000000,10.580063,10.541916,7.356644,0.007153,0.000238,1,0.000000,0.000000,0.000000,0.000000,0.000000,0,0
580,10.353804,0.000000,10.305882,10.269403,7.146835,0.007391,0.000000,1,0.000000,0.000000,0.000000,0.000000,0.000000,0,0
581,11.020184,0.000000,10.951757,10.915995,7.634640,0.006199,0.000000,1,0.000000,0.000000,0.000000,0.000000,0.000000,0,0
582,10.330915,0.000000,10.279417,10.240316,7.236242,0.008345,0.000000,1,0.000000,0.000000,0.000000,0.000000,0.000000,0,0
583,10.492563,0.000000,10.450125,10.413885,7.386446,0.006914,0.000238,1,0.000000,0.000000,0.000000,0.000000,0.000000,0,0
584,10.255814,0.000000,10.186434,10.150433,7.045269,0.006437,0.000000,1,0.000000,0.000000,0.000000,0.000000,0.000000,0,0
585,10.265112,0.000000,10.199070,10.162354,7.022381,0.007153,0.000000,1,0.000000,0.000000,0.000000,0.000000,0.000000,0,0
586,9.950876,0.000000,9.894371,9.858131,6.855011,0.006914,0.000000,1,0.000000,0.000000,0.000000,0.000000,0.000000,0,0
587,10.287523,0.000000,10.232449,10.195971,6.931543,0.006199,0.000000,1,0.000000,0.000000,0.000000,0.000000,0.000000,0,0
588,10.231733,0.000000,10.168314,10.130644,6.895542,0.007391,0.000000,1,0.000000,0.000000,0.000000,0.000000,0.000000,0,0
589,10.861158,0.000000,10.806322,10.758877,7.616758,0.010252,0.000000,1,0.000000,0.000000,0.000000,0.000000,0.000000,0,0
590,10.736942,0.000000,10.671616,10.556698,7.180452,0.035524,0.000000,1,0.000000,0.000000,0.000000,0.000000,0.000000,0,0
591,10.015726,0.000000,9.944201,9.907246,6.930828,0.007629,0.000238,1,0.000000,0.000000,0.000000,0.000000,0.000000,0,0
592,9.903431,0.000000,9.853601,9.817839,6.684780,0.006676,0.000000,1,0.000000,0.000000,0.000000,0.000000,0.000000,0,0
593,10.497332,0.000000,10.436535,10.401726,7.070541,0.006437,0.000000,1,0.000000,0.000000,0.000000,0.000000,0.000000,0,0
