there are cleaned rules 594
log_inst_size,time,fast_cex_time,impl_time,check_valid_time,eq_time,make_vc_time,check_sliceable_time,eq_num_z3_calls,model_search_time,model_holes_time,model_cond_time,search_wp_time,model_z3_time,model_z3_calls,num_backtracks
	edit cache miss
0,45.547724,12.736320,12.267113,18.565416,11.522055,0.011444,0.000000,2,14.128923,0.005007,0.000000,0.011683,13.396025,1,0
	edit cache miss
1,4201.417208,8.046627,1115.545273,1146.164656,824.285030,1.183271,0.000000,99,7369.521856,0.168800,0.000000,1.230717,2486.981630,276,45
2,10.825396,0.000000,10.817528,10.780096,7.733345,0.006676,0.000000,1,0.000000,0.000000,0.000000,0.000000,0.000000,0,0
3,10.177851,0.000000,10.169744,10.123968,7.000208,0.006437,0.000000,1,0.000000,0.000000,0.000000,0.000000,0.000000,0,0
4,10.830879,0.000000,10.822058,10.784626,7.719040,0.006676,0.000000,1,0.000000,0.000000,0.000000,0.000000,0.000000,0,0
5,9.964943,0.000000,9.957314,9.921551,6.859541,0.006676,0.000000,1,0.000000,0.000000,0.000000,0.000000,0.000000,0,0
6,11.319399,0.000000,11.312485,11.275768,8.018255,0.006437,0.000000,1,0.000000,0.000000,0.000000,0.000000,0.000000,0,0
7,10.140419,0.000000,10.132313,10.097027,6.912231,0.006199,0.000238,1,0.000000,0.000000,0.000000,0.000000,0.000000,0,0
8,10.899544,0.000000,10.890722,10.852337,7.917881,0.007153,0.000000,1,0.000000,0.000000,0.000000,0.000000,0.000000,0,0
9,9.971857,0.000000,9.963751,9.925365,6.843805,0.006437,0.000000,1,0.000000,0.000000,0.000000,0.000000,0.000000,0,0
10,11.074305,0.000000,11.065483,11.027813,7.948875,0.006676,0.000238,1,0.000000,0.000000,0.000000,0.000000,0.000000,0,0
11,10.502338,0.000000,10.493517,10.447741,7.181406,0.014305,0.000000,1,0.000000,0.000000,0.000000,0.000000,0.000000,0,0
12,10.405302,0.000000,10.397196,10.359526,7.062197,0.007391,0.000000,1,0.000000,0.000000,0.000000,0.000000,0.000000,0,0
13,10.660410,0.000000,10.651112,10.612488,7.404566,0.007153,0.000238,1,0.000000,0.000000,0.000000,0.000000,0.000000,0,0
14,11.089087,0.000000,11.080027,11.042118,7.766724,0.006914,0.000000,1,0.000000,0.000000,0.000000,0.000000,0.000000,0,0
15,10.986567,0.000000,10.977745,10.941029,7.629395,0.006676,0.000000,1,0.000000,0.000000,0.000000,0.000000,0.000000,0,0
16,10.591507,0.000000,10.578394,10.541916,7.282257,0.006199,0.000000,1,0.000000,0.000000,0.000000,0.000000,0.000000,0,0
17,10.880947,0.000000,10.867834,10.825396,7.359028,0.008821,0.000000,1,0.000000,0.000000,0.000000,0.000000,0.000000,0,0
18,11.475801,0.000000,11.462927,11.421919,8.055687,0.008106,0.000000,1,0.000000,0.000000,0.000000,0.000000,0.000000,0,0
19,10.603666,0.000000,10.591984,10.553122,7.314205,0.007629,0.000000,1,0.000000,0.000000,0.000000,0.000000,0.000000,0,0
20,10.505676,0.000000,10.493279,10.454893,7.086277,0.007868,0.000000,1,0.000000,0.000000,0.000000,0.000000,0.000000,0,0
21,10.525465,0.000000,10.515451,10.476828,7.240057,0.007391,0.000000,1,0.000000,0.000000,0.000000,0.000000,0.000000,0,0
22,11.560202,0.000000,11.544704,11.502743,8.079290,0.006676,0.000000,1,0.000000,0.000000,0.000000,0.000000,0.000000,0,0
23,10.433674,0.000000,10.424137,10.386467,7.231236,0.007153,0.000238,1,0.000000,0.000000,0.000000,0.000000,0.000000,0,0
24,10.588884,0.000000,10.579109,10.542631,7.242680,0.006676,0.000000,1,0.000000,0.000000,0.000000,0.000000,0.000000,0,0
25,10.793924,0.000000,10.780573,10.744572,7.294178,0.006437,0.000000,1,0.000000,0.000000,0.000000,0.000000,0.000000,0,0
26,10.529041,0.000000,10.518312,10.479689,7.370949,0.007153,0.000000,1,0.000000,0.000000,0.000000,0.000000,0.000000,0,0
27,10.545254,0.000000,10.533571,10.498047,7.219315,0.006437,0.000000,1,0.000000,0.000000,0.000000,0.000000,0.000000,0,0
28,10.778904,0.000000,10.766983,10.727644,7.395506,0.006914,0.000238,1,0.000000,0.000000,0.000000,0.000000,0.000000,0,0
29,10.963440,0.000000,10.953426,10.914803,7.695436,0.006914,0.000000,1,0.000000,0.000000,0.000000,0.000000,0.000000,0,0
30,11.150599,0.000000,11.140585,11.102676,7.739067,0.006676,0.000000,1,0.000000,0.000000,0.000000,0.000000,0.000000,0,0
31,11.137724,0.000000,11.127472,11.090279,7.799387,0.007153,0.000000,1,0.000000,0.000000,0.000000,0.000000,0.000000,0,0
32,11.107206,0.000000,11.097431,11.059523,7.845640,0.006914,0.000000,1,0.000000,0.000000,0.000000,0.000000,0.000000,0,0
33,10.601521,0.000000,10.590315,10.552645,7.326365,0.006676,0.000000,1,0.000000,0.000000,0.000000,0.000000,0.000000,0,0
34,11.152744,0.000000,11.142492,11.103392,7.824421,0.007153,0.000000,1,0.000000,0.000000,0.000000,0.000000,0.000000,0,0
35,10.394096,0.000000,10.380745,10.345221,7.018089,0.006437,0.000000,1,0.000000,0.000000,0.000000,0.000000,0.000000,0,0
36,10.794640,0.000000,10.784388,10.746717,7.436514,0.006914,0.000000,1,0.000000,0.000000,0.000000,0.000000,0.000000,0,0
37,10.740995,0.000000,10.730028,10.690928,7.355213,0.006676,0.000000,1,0.000000,0.000000,0.000000,0.000000,0.000000,0,0
38,11.194706,0.000000,11.183500,11.142969,7.865667,0.007629,0.000000,1,0.000000,0.000000,0.000000,0.000000,0.000000,0,0
39,10.334969,0.000000,10.322094,10.285139,7.000923,0.006914,0.000000,1,0.000000,0.000000,0.000000,0.000000,0.000000,0,0
40,10.747671,0.000000,10.735989,10.698318,7.528305,0.006914,0.000000,1,0.000000,0.000000,0.000000,0.000000,0.000000,0,0
41,10.965586,0.000000,10.954142,10.919571,7.609606,0.005960,0.000000,1,0.000000,0.000000,0.000000,0.000000,0.000000,0,0
42,10.510206,0.000000,10.498285,10.460615,7.087946,0.006676,0.000000,1,0.000000,0.000000,0.000000,0.000000,0.000000,0,0
43,10.965824,0.000000,10.953188,10.914803,7.697821,0.007153,0.000000,1,0.000000,0.000000,0.000000,0.000000,0.000000,0,0
44,10.295868,0.000000,10.283709,10.246754,7.117987,0.006676,0.000000,1,0.000000,0.000000,0.000000,0.000000,0.000000,0,0
45,10.378361,0.000000,10.367632,10.331154,7.117748,0.006676,0.000000,1,0.000000,0.000000,0.000000,0.000000,0.000000,0,0
46,10.468960,0.000000,10.454416,10.418892,7.163525,0.006437,0.000000,1,0.000000,0.000000,0.000000,0.000000,0.000000,0,0
47,10.268688,0.000000,10.256052,10.217190,7.023335,0.007153,0.000000,1,0.000000,0.000000,0.000000,0.000000,0.000000,0,0
48,10.422707,0.000000,10.411501,10.374069,7.162333,0.006914,0.000000,1,0.000000,0.000000,0.000000,0.000000,0.000000,0,0
49,10.602236,0.000000,10.590792,10.553598,7.490158,0.007391,0.000238,1,0.000000,0.000000,0.000000,0.000000,0.000000,0,0
50,10.695457,0.000000,10.680914,10.645866,7.314682,0.006437,0.000000,1,0.000000,0.000000,0.000000,0.000000,0.000000,0,0
51,10.864496,0.000000,10.850668,10.812283,7.644176,0.007868,0.000000,1,0.000000,0.000000,0.000000,0.000000,0.000000,0,0
52,10.640144,0.000000,10.627747,10.586023,7.533550,0.007391,0.000000,1,0.000000,0.000000,0.000000,0.000000,0.000000,0,0
53,10.568142,0.000000,10.556459,10.518074,7.254124,0.007153,0.000000,1,0.000000,0.000000,0.000000,0.000000,0.000000,0,0
54,10.783434,0.000000,10.772228,10.734320,7.492781,0.006914,0.000000,1,0.000000,0.000000,0.000000,0.000000,0.000000,0,0
55,10.871887,0.000000,10.861158,10.823727,7.606506,0.006676,0.000000,1,0.000000,0.000000,0.000000,0.000000,0.000000,0,0
56,10.625601,0.000000,10.611057,10.573149,7.292986,0.006676,0.000000,1,0.000000,0.000000,0.000000,0.000000,0.000000,0,0
57,11.081934,0.000000,11.068106,11.029959,7.515669,0.006676,0.000000,1,0.000000,0.000000,0.000000,0.000000,0.000000,0,0
58,10.986090,0.000000,10.974646,10.936975,7.679462,0.006676,0.000000,1,0.000000,0.000000,0.000000,0.000000,0.000000,0,0
59,10.971069,0.000000,10.959148,10.917187,7.589340,0.006199,0.000238,1,0.000000,0.000000,0.000000,0.000000,0.000000,0,0
60,10.930300,0.000000,10.915995,10.877609,7.432461,0.006914,0.000238,1,0.000000,0.000000,0.000000,0.000000,0.000000,0,0
61,10.477066,0.000000,10.463953,10.426760,7.218599,0.006676,0.000000,1,0.000000,0.000000,0.000000,0.000000,0.000000,0,0
62,10.762215,0.000000,10.747910,10.697126,7.410049,0.020027,0.000000,1,0.000000,0.000000,0.000000,0.000000,0.000000,0,0
63,10.909081,0.000000,10.895014,10.857344,7.539034,0.006676,0.000000,1,0.000000,0.000000,0.000000,0.000000,0.000000,0,0
64,10.368586,0.000000,10.349751,10.314226,6.975889,0.006437,0.000000,1,0.000000,0.000000,0.000000,0.000000,0.000000,0,0
65,10.432243,0.000000,10.417223,10.379791,7.087946,0.006437,0.000000,1,0.000000,0.000000,0.000000,0.000000,0.000000,0,0
66,11.080742,0.000000,11.066675,11.008978,7.574081,0.007153,0.000000,1,0.000000,0.000000,0.000000,0.000000,0.000000,0,0
67,10.828733,0.000000,10.816574,10.778904,7.533550,0.007391,0.000000,1,0.000000,0.000000,0.000000,0.000000,0.000000,0,0
68,10.820389,0.000000,10.807514,10.770798,7.452488,0.006676,0.000000,1,0.000000,0.000000,0.000000,0.000000,0.000000,0,0
69,10.981798,0.000000,10.967970,10.930061,7.606983,0.006914,0.000000,1,0.000000,0.000000,0.000000,0.000000,0.000000,0,0
70,10.944605,0.000000,10.931492,10.894299,7.532597,0.006914,0.000000,1,0.000000,0.000000,0.000000,0.000000,0.000000,0,0
71,10.617495,0.000000,10.604382,10.567665,7.134914,0.006437,0.000000,1,0.000000,0.000000,0.000000,0.000000,0.000000,0,0
72,10.331392,0.000000,10.318279,10.279655,7.076025,0.007153,0.000000,1,0.000000,0.000000,0.000000,0.000000,0.000000,0,0
73,10.955811,0.000000,10.942459,10.904551,7.513523,0.007153,0.000000,1,0.000000,0.000000,0.000000,0.000000,0.000000,0,0
74,10.708332,0.000000,10.682583,10.645866,7.203579,0.006676,0.000238,1,0.000000,0.000000,0.000000,0.000000,0.000000,0,0
75,10.663509,0.000000,10.648251,10.563850,7.489920,0.007153,0.000000,1,0.000000,0.000000,0.000000,0.000000,0.000000,0,0
76,11.015177,0.000000,10.999918,10.961533,7.588387,0.007153,0.000000,1,0.000000,0.000000,0.000000,0.000000,0.000000,0,0
77,10.809183,0.000000,10.794401,10.755777,7.312536,0.006676,0.000000,1,0.000000,0.000000,0.000000,0.000000,0.000000,0,0
78,10.637045,0.000000,10.622740,10.585308,7.512093,0.006437,0.000238,1,0.000000,0.000000,0.000000,0.000000,0.000000,0,0
79,10.738850,0.000000,10.723114,10.685205,7.263184,0.006914,0.000000,1,0.000000,0.000000,0.000000,0.000000,0.000000,0,0
80,10.366201,0.000000,10.351181,10.312796,7.324696,0.007629,0.000238,1,0.000000,0.000000,0.000000,0.000000,0.000000,0,0
81,10.759354,0.000000,10.746241,10.709286,7.543325,0.006676,0.000000,1,0.000000,0.000000,0.000000,0.000000,0.000000,0,0
82,10.866880,0.000000,10.851383,10.813951,7.548809,0.006676,0.000000,1,0.000000,0.000000,0.000000,0.000000,0.000000,0,0
83,10.926008,0.000000,10.910749,10.873079,7.605314,0.006914,0.000000,1,0.000000,0.000000,0.000000,0.000000,0.000000,0,0
84,11.101484,0.000000,11.086464,11.048555,7.803917,0.007153,0.000000,1,0.000000,0.000000,0.000000,0.000000,0.000000,0,0
85,10.497093,0.000000,10.482788,10.445356,7.281065,0.006676,0.000000,1,0.000000,0.000000,0.000000,0.000000,0.000000,0,0
86,10.927916,0.000000,10.912418,10.873318,7.550240,0.007391,0.000000,1,0.000000,0.000000,0.000000,0.000000,0.000000,0,0
87,10.788441,0.000000,10.774374,10.736942,7.626772,0.006914,0.000000,1,0.000000,0.000000,0.000000,0.000000,0.000000,0,0
88,10.489225,0.000000,10.474205,10.437727,7.187366,0.006199,0.000000,1,0.000000,0.000000,0.000000,0.000000,0.000000,0,0
89,10.312557,0.000000,10.298014,10.259390,7.014036,0.006914,0.000000,1,0.000000,0.000000,0.000000,0.000000,0.000000,0,0
90,11.278152,0.000000,11.263609,11.227369,7.799387,0.006437,0.000000,1,0.000000,0.000000,0.000000,0.000000,0.000000,0,0
91,10.462523,0.000000,10.444880,10.408640,7.254362,0.006676,0.000000,1,0.000000,0.000000,0.000000,0.000000,0.000000,0,0
92,10.666132,0.000000,10.649443,10.611296,7.212877,0.007391,0.000000,1,0.000000,0.000000,0.000000,0.000000,0.000000,0,0
93,10.656834,0.000000,10.641336,10.604143,7.370949,0.006914,0.000000,1,0.000000,0.000000,0.000000,0.000000,0.000000,0,0
94,10.982513,0.000000,10.965586,10.928631,7.574081,0.006914,0.000000,1,0.000000,0.000000,0.000000,0.000000,0.000000,0,0
95,10.877132,0.000000,10.860205,10.822773,7.534981,0.007153,0.000000,1,0.000000,0.000000,0.000000,0.000000,0.000000,0,0
96,10.382891,0.000000,10.367870,10.330200,7.030964,0.007153,0.000000,1,0.000000,0.000000,0.000000,0.000000,0.000000,0,0
97,10.530710,0.000000,10.512352,10.457277,7.165194,0.006914,0.000000,1,0.000000,0.000000,0.000000,0.000000,0.000000,0,0
98,10.410547,0.000000,10.395527,10.358334,7.107258,0.006914,0.000000,1,0.000000,0.000000,0.000000,0.000000,0.000000,0,0
99,10.526180,0.000000,10.511398,10.475159,7.176161,0.006199,0.000000,1,0.000000,0.000000,0.000000,0.000000,0.000000,0,0
100,11.186838,0.000000,11.170149,11.132479,7.823229,0.006914,0.000000,1,0.000000,0.000000,0.000000,0.000000,0.000000,0,0
101,10.646343,0.000000,10.629416,10.590315,7.262468,0.006914,0.000000,1,0.000000,0.000000,0.000000,0.000000,0.000000,0,0
102,10.507107,0.000000,10.492563,10.455132,7.115841,0.006914,0.000000,1,0.000000,0.000000,0.000000,0.000000,0.000000,0,0
103,10.500431,0.000000,10.483027,10.445595,7.172108,0.006676,0.000000,1,0.000000,0.000000,0.000000,0.000000,0.000000,0,0
104,11.213541,0.000000,11.196136,11.155605,7.887125,0.007629,0.000000,1,0.000000,0.000000,0.000000,0.000000,0.000000,0,0
105,10.505915,0.000000,10.490894,10.441780,7.263899,0.006676,0.000000,1,0.000000,0.000000,0.000000,0.000000,0.000000,0,0
106,10.901451,0.000000,10.886192,10.849237,7.662058,0.006914,0.000000,1,0.000000,0.000000,0.000000,0.000000,0.000000,0,0
107,10.540485,0.000000,10.523081,10.484934,7.176399,0.006914,0.000000,1,0.000000,0.000000,0.000000,0.000000,0.000000,0,0
108,10.929823,0.000000,10.911942,10.873556,7.344007,0.007153,0.000238,1,0.000000,0.000000,0.000000,0.000000,0.000000,0,0
109,10.686874,0.000000,10.671139,10.634184,7.340431,0.006914,0.000000,1,0.000000,0.000000,0.000000,0.000000,0.000000,0,0
110,10.918140,0.000000,10.894775,10.853529,7.717133,0.006914,0.000000,1,0.000000,0.000000,0.000000,0.000000,0.000000,0,0
111,10.499716,0.000000,10.474682,10.433912,7.156372,0.008106,0.000000,1,0.000000,0.000000,0.000000,0.000000,0.000000,0,0
112,11.216640,0.000000,11.194944,11.155367,7.676363,0.007629,0.000000,1,0.000000,0.000000,0.000000,0.000000,0.000000,0,0
113,10.779858,0.000000,10.757208,10.715246,7.422924,0.008821,0.000000,1,0.000000,0.000000,0.000000,0.000000,0.000000,0,0
114,10.830641,0.000000,10.812998,10.775328,7.534504,0.007153,0.000000,1,0.000000,0.000000,0.000000,0.000000,0.000000,0,0
115,11.007309,0.000000,10.987759,10.949850,7.461071,0.006676,0.000000,1,0.000000,0.000000,0.000000,0.000000,0.000000,0,0
116,10.488987,0.000000,10.470390,10.434151,7.512331,0.006676,0.000000,1,0.000000,0.000000,0.000000,0.000000,0.000000,0,0
117,10.472536,0.000000,10.454416,10.416269,7.190228,0.007153,0.000000,1,0.000000,0.000000,0.000000,0.000000,0.000000,0,0
118,10.392189,0.000000,10.375977,10.336399,7.057667,0.007153,0.000000,1,0.000000,0.000000,0.000000,0.000000,0.000000,0,0
119,10.431051,0.000000,10.412931,10.376453,7.137775,0.006437,0.000000,1,0.000000,0.000000,0.000000,0.000000,0.000000,0,0
120,10.680437,0.000000,10.661364,10.623932,7.332087,0.006676,0.000000,1,0.000000,0.000000,0.000000,0.000000,0.000000,0,0
121,10.598660,0.000000,10.578871,10.539532,7.282734,0.006914,0.000000,1,0.000000,0.000000,0.000000,0.000000,0.000000,0,0
122,10.500908,0.000000,10.483265,10.445356,7.545233,0.007153,0.000000,1,0.000000,0.000000,0.000000,0.000000,0.000000,0,0
123,10.512829,0.000000,10.494232,10.455608,7.193804,0.006676,0.000000,1,0.000000,0.000000,0.000000,0.000000,0.000000,0,0
124,10.538340,0.000000,10.519266,10.481358,7.327557,0.006914,0.000000,1,0.000000,0.000000,0.000000,0.000000,0.000000,0,0
125,10.545492,0.000000,10.528088,10.491133,7.214546,0.006914,0.000000,1,0.000000,0.000000,0.000000,0.000000,0.000000,0,0
126,10.745287,0.000000,10.726929,10.690212,7.385731,0.006676,0.000000,1,0.000000,0.000000,0.000000,0.000000,0.000000,0,0
127,11.080503,0.000000,11.061192,11.023283,7.657766,0.006914,0.000000,1,0.000000,0.000000,0.000000,0.000000,0.000000,0,0
128,11.000395,0.000000,10.980368,10.942698,7.689714,0.006914,0.000000,1,0.000000,0.000000,0.000000,0.000000,0.000000,0,0
129,11.010885,0.000000,10.990381,10.952473,7.594585,0.006914,0.000000,1,0.000000,0.000000,0.000000,0.000000,0.000000,0,0
130,11.234283,0.000000,11.211395,11.173010,8.020401,0.007153,0.000000,1,0.000000,0.000000,0.000000,0.000000,0.000000,0,0
131,10.771036,0.000000,10.751724,10.713577,7.505178,0.007153,0.000238,1,0.000000,0.000000,0.000000,0.000000,0.000000,0,0
132,10.361671,0.000000,10.341167,10.303497,7.168770,0.006676,0.000000,1,0.000000,0.000000,0.000000,0.000000,0.000000,0,0
133,10.599613,0.000000,10.579824,10.541916,7.283926,0.006914,0.000000,1,0.000000,0.000000,0.000000,0.000000,0.000000,0,0
134,10.879755,0.000000,10.861635,10.824919,7.547379,0.006914,0.000000,1,0.000000,0.000000,0.000000,0.000000,0.000000,0,0
135,10.176659,0.000000,10.154724,10.117769,7.035255,0.006914,0.000238,1,0.000000,0.000000,0.000000,0.000000,0.000000,0,0
136,10.352373,0.000000,10.331392,10.266781,7.085800,0.007153,0.000000,1,0.000000,0.000000,0.000000,0.000000,0.000000,0,0
137,10.702133,0.000000,10.683537,10.646343,7.603645,0.006914,0.000000,1,0.000000,0.000000,0.000000,0.000000,0.000000,0,0
138,10.142326,0.000000,10.119677,10.083437,7.178783,0.006437,0.000000,1,0.000000,0.000000,0.000000,0.000000,0.000000,0,0
139,10.756969,0.000000,10.734558,10.696411,7.547855,0.006914,0.000000,1,0.000000,0.000000,0.000000,0.000000,0.000000,0,0
140,10.839701,0.000000,10.820150,10.783195,7.493734,0.006676,0.000000,1,0.000000,0.000000,0.000000,0.000000,0.000000,0,0
141,10.584116,0.000000,10.562420,10.524273,7.429361,0.006914,0.000238,1,0.000000,0.000000,0.000000,0.000000,0.000000,0,0
142,11.127472,0.000000,11.106253,11.068344,7.718086,0.006914,0.000000,1,0.000000,0.000000,0.000000,0.000000,0.000000,0,0
143,10.660648,0.000000,10.630846,10.592937,7.511377,0.006914,0.000000,1,0.000000,0.000000,0.000000,0.000000,0.000000,0,0
144,10.735273,0.000000,10.714531,10.657310,7.576466,0.011206,0.000238,1,0.000000,0.000000,0.000000,0.000000,0.000000,0,0
145,11.087894,0.000000,11.067867,11.031628,7.827997,0.006676,0.000000,1,0.000000,0.000000,0.000000,0.000000,0.000000,0,0
146,10.819674,0.000000,10.789633,10.752201,7.570505,0.006676,0.000000,1,0.000000,0.000000,0.000000,0.000000,0.000000,0,0
147,10.649443,0.000000,10.625362,10.569334,7.198095,0.009298,0.000000,1,0.000000,0.000000,0.000000,0.000000,0.000000,0,0
148,11.092901,0.000000,11.074305,11.036158,7.757187,0.006914,0.000000,1,0.000000,0.000000,0.000000,0.000000,0.000000,0,0
149,10.484219,0.000000,10.453939,10.416985,7.110357,0.006437,0.000000,1,0.000000,0.000000,0.000000,0.000000,0.000000,0,0
150,10.844231,0.000000,10.821819,10.765553,7.648945,0.010014,0.000000,1,0.000000,0.000000,0.000000,0.000000,0.000000,0,0
151,10.397911,0.000000,10.376930,10.339499,7.230282,0.006914,0.000000,1,0.000000,0.000000,0.000000,0.000000,0.000000,0,0
152,10.944128,0.000000,10.922432,10.884762,7.673025,0.006914,0.000000,1,0.000000,0.000000,0.000000,0.000000,0.000000,0,0
153,10.780811,0.000000,10.758638,10.721207,7.338047,0.006676,0.000000,1,0.000000,0.000000,0.000000,0.000000,0.000000,0,0
154,10.564804,0.000000,10.543823,10.505199,7.162094,0.006914,0.000000,1,0.000000,0.000000,0.000000,0.000000,0.000000,0,0
155,10.421276,0.000000,10.398149,10.359764,7.059336,0.006914,0.000000,1,0.000000,0.000000,0.000000,0.000000,0.000000,0,0
156,10.571718,0.000000,10.547638,10.510445,7.409096,0.006914,0.000000,1,0.000000,0.000000,0.000000,0.000000,0.000000,0,0
157,10.443926,0.000000,10.424852,10.387421,7.169724,0.006676,0.000000,1,0.000000,0.000000,0.000000,0.000000,0.000000,0,0
158,10.985613,0.000000,10.960340,10.876417,7.771969,0.006437,0.000000,1,0.000000,0.000000,0.000000,0.000000,0.000000,0,0
159,10.505438,0.000000,10.478973,10.420322,7.065535,0.007153,0.000000,1,0.000000,0.000000,0.000000,0.000000,0.000000,0,0
160,10.000706,0.000000,9.980679,9.941578,7.066250,0.007629,0.000000,1,0.000000,0.000000,0.000000,0.000000,0.000000,0,0
161,10.204077,0.000000,10.182381,10.145903,7.133245,0.006437,0.000000,1,0.000000,0.000000,0.000000,0.000000,0.000000,0,0
162,10.426998,0.000000,10.406256,10.368586,7.104397,0.007153,0.000000,1,0.000000,0.000000,0.000000,0.000000,0.000000,0,0
163,10.320902,0.000000,10.299683,10.262966,7.072210,0.006676,0.000000,1,0.000000,0.000000,0.000000,0.000000,0.000000,0,0
164,11.149406,0.000000,11.126041,11.088371,7.733107,0.006676,0.000000,1,0.000000,0.000000,0.000000,0.000000,0.000000,0,0
165,10.786533,0.000000,10.761976,10.724306,7.431269,0.006914,0.000000,1,0.000000,0.000000,0.000000,0.000000,0.000000,0,0
166,11.009693,0.000000,10.987997,10.949850,7.598639,0.007153,0.000000,1,0.000000,0.000000,0.000000,0.000000,0.000000,0,0
167,10.614634,0.000000,10.591269,10.553598,7.233381,0.006437,0.000000,1,0.000000,0.000000,0.000000,0.000000,0.000000,0,0
168,10.542631,0.000000,10.517120,10.478973,7.135868,0.006914,0.000000,1,0.000000,0.000000,0.000000,0.000000,0.000000,0,0
169,10.621786,0.000000,10.599852,10.561228,7.366657,0.006914,0.000000,1,0.000000,0.000000,0.000000,0.000000,0.000000,0,0
170,10.460615,0.000000,10.437489,10.401011,7.129908,0.006199,0.000000,1,0.000000,0.000000,0.000000,0.000000,0.000000,0,0
171,10.308981,0.000000,10.287285,10.249615,7.005930,0.006676,0.000000,1,0.000000,0.000000,0.000000,0.000000,0.000000,0,0
172,10.809660,0.000000,10.787249,10.751247,7.360220,0.006437,0.000000,1,0.000000,0.000000,0.000000,0.000000,0.000000,0,0
173,10.399342,0.000000,10.373831,10.336399,7.251263,0.006676,0.000000,1,0.000000,0.000000,0.000000,0.000000,0.000000,0,0
174,10.549068,0.000000,10.523558,10.485888,7.205963,0.007153,0.000000,1,0.000000,0.000000,0.000000,0.000000,0.000000,0,0
175,11.109591,0.000000,11.088133,11.050940,7.552624,0.006676,0.000000,1,0.000000,0.000000,0.000000,0.000000,0.000000,0,0
176,10.676146,0.000000,10.652781,10.616302,7.573843,0.006437,0.000000,1,0.000000,0.000000,0.000000,0.000000,0.000000,0,0
177,10.614395,0.000000,10.590315,10.551691,7.302999,0.007153,0.000238,1,0.000000,0.000000,0.000000,0.000000,0.000000,0,0
178,10.477781,0.000000,10.455132,10.416746,7.107735,0.007629,0.000000,1,0.000000,0.000000,0.000000,0.000000,0.000000,0,0
179,10.570765,0.000000,10.545492,10.509014,7.426500,0.006676,0.000000,1,0.000000,0.000000,0.000000,0.000000,0.000000,0,0
180,10.411739,0.000000,10.388136,10.349989,7.334232,0.007153,0.000000,1,0.000000,0.000000,0.000000,0.000000,0.000000,0,0
181,10.575533,0.000000,10.550499,10.513067,7.205248,0.006437,0.000000,1,0.000000,0.000000,0.000000,0.000000,0.000000,0,0
182,11.082411,0.000000,11.053562,11.004210,7.641554,0.006437,0.000000,1,0.000000,0.000000,0.000000,0.000000,0.000000,0,0
183,10.697365,0.000000,10.669708,10.592461,7.300615,0.029564,0.000000,1,0.000000,0.000000,0.000000,0.000000,0.000000,0,0
184,10.677576,0.000000,10.654688,10.617018,7.378340,0.007153,0.000000,1,0.000000,0.000000,0.000000,0.000000,0.000000,0,0
185,10.514021,0.000000,10.489702,10.452747,7.034063,0.006199,0.000000,1,0.000000,0.000000,0.000000,0.000000,0.000000,0,0
186,10.383368,0.000000,10.354280,10.315895,7.154465,0.007153,0.000000,1,0.000000,0.000000,0.000000,0.000000,0.000000,0,0
187,10.374784,0.000000,10.344982,10.305405,7.207394,0.008106,0.000238,1,0.000000,0.000000,0.000000,0.000000,0.000000,0,0
188,10.553360,0.000000,10.527849,10.491133,7.306814,0.006676,0.000238,1,0.000000,0.000000,0.000000,0.000000,0.000000,0,0
189,10.617733,0.000000,10.591269,10.552883,7.313490,0.006914,0.000000,1,0.000000,0.000000,0.000000,0.000000,0.000000,0,0
190,10.806084,0.000000,10.780573,10.741949,7.466316,0.007629,0.000238,1,0.000000,0.000000,0.000000,0.000000,0.000000,0,0
191,10.925055,0.000000,10.897160,10.859489,7.663965,0.006676,0.000238,1,0.000000,0.000000,0.000000,0.000000,0.000000,0,0
192,10.875702,0.000000,10.850906,10.812044,7.583618,0.007153,0.000000,1,0.000000,0.000000,0.000000,0.000000,0.000000,0,0
193,10.971069,0.000000,10.946512,10.908842,7.560730,0.006676,0.000000,1,0.000000,0.000000,0.000000,0.000000,0.000000,0,0
194,10.569572,0.000000,10.544062,10.506153,7.539511,0.006676,0.000000,1,0.000000,0.000000,0.000000,0.000000,0.000000,0,0
195,10.921001,0.000000,10.895491,10.859251,7.570744,0.006676,0.000000,1,0.000000,0.000000,0.000000,0.000000,0.000000,0,0
196,10.953426,0.000000,10.925531,10.888577,7.607698,0.006914,0.000000,1,0.000000,0.000000,0.000000,0.000000,0.000000,0,0
197,10.812998,0.000000,10.785341,10.746956,7.397175,0.007153,0.000000,1,0.000000,0.000000,0.000000,0.000000,0.000000,0,0
198,10.915279,0.000000,10.889769,10.852814,7.567406,0.006676,0.000000,1,0.000000,0.000000,0.000000,0.000000,0.000000,0,0
199,10.689497,0.000000,10.662556,10.624409,7.539272,0.006914,0.000000,1,0.000000,0.000000,0.000000,0.000000,0.000000,0,0
200,11.027336,0.000000,10.996819,10.959387,7.638931,0.006914,0.000238,1,0.000000,0.000000,0.000000,0.000000,0.000000,0,0
201,11.287689,0.000000,11.250019,11.211395,7.710457,0.007153,0.000000,1,0.000000,0.000000,0.000000,0.000000,0.000000,0,0
202,12.233973,0.000000,12.189627,12.148142,8.688211,0.007868,0.000000,1,0.000000,0.000000,0.000000,0.000000,0.000000,0,0
203,12.022257,0.000000,11.972189,11.929035,8.372068,0.008345,0.000000,1,0.000000,0.000000,0.000000,0.000000,0.000000,0,0
204,10.510445,0.000000,10.470390,10.426998,7.290125,0.009537,0.000238,1,0.000000,0.000000,0.000000,0.000000,0.000000,0,0
205,10.614872,0.000000,10.581255,10.510683,7.216692,0.007153,0.000000,1,0.000000,0.000000,0.000000,0.000000,0.000000,0,0
206,10.903120,0.000000,10.876656,10.838032,7.601738,0.007153,0.000000,1,0.000000,0.000000,0.000000,0.000000,0.000000,0,0
207,10.754347,0.000000,10.726690,10.690689,7.666349,0.006676,0.000238,1,0.000000,0.000000,0.000000,0.000000,0.000000,0,0
208,10.969400,0.000000,10.936737,10.899305,7.557869,0.006676,0.000000,1,0.000000,0.000000,0.000000,0.000000,0.000000,0,0
209,10.777950,0.000000,10.747671,10.708332,7.442474,0.007391,0.000000,1,0.000000,0.000000,0.000000,0.000000,0.000000,0,0
210,11.035442,0.000000,11.006594,10.968447,7.535219,0.007153,0.000000,1,0.000000,0.000000,0.000000,0.000000,0.000000,0,0
211,10.878325,0.000000,10.849714,10.812521,7.464170,0.006914,0.000000,1,0.000000,0.000000,0.000000,0.000000,0.000000,0,0
212,10.510921,0.000000,10.467529,10.429382,7.391930,0.006676,0.000000,1,0.000000,0.000000,0.000000,0.000000,0.000000,0,0
213,11.144638,0.000000,11.098146,11.060238,7.472038,0.006676,0.000000,1,0.000000,0.000000,0.000000,0.000000,0.000000,0,0
214,11.141062,0.000000,11.097670,11.055946,7.651806,0.008345,0.000000,1,0.000000,0.000000,0.000000,0.000000,0.000000,0,0
215,10.507107,0.000000,10.481834,10.442734,7.171631,0.007868,0.000000,1,0.000000,0.000000,0.000000,0.000000,0.000000,0,0
216,10.868073,0.000000,10.834455,10.796785,7.460117,0.006676,0.000000,1,0.000000,0.000000,0.000000,0.000000,0.000000,0,0
217,10.536909,0.000000,10.506868,10.468721,7.135630,0.007153,0.000000,1,0.000000,0.000000,0.000000,0.000000,0.000000,0,0
218,10.796785,0.000000,10.767221,10.729313,7.433176,0.007629,0.000000,1,0.000000,0.000000,0.000000,0.000000,0.000000,0,0
219,10.789394,0.000000,10.758162,10.720015,7.406235,0.006676,0.000000,1,0.000000,0.000000,0.000000,0.000000,0.000000,0,0
220,10.719776,0.000000,10.691881,10.651827,7.383108,0.007629,0.000000,1,0.000000,0.000000,0.000000,0.000000,0.000000,0,0
221,11.203051,0.000000,11.174202,11.136532,7.796288,0.006914,0.000000,1,0.000000,0.000000,0.000000,0.000000,0.000000,0,0
222,11.042595,0.000000,11.009693,10.971308,7.626057,0.007153,0.000238,1,0.000000,0.000000,0.000000,0.000000,0.000000,0,0
223,10.848999,0.000000,10.756493,10.710716,7.237434,0.007153,0.000238,1,0.000000,0.000000,0.000000,0.000000,0.000000,0,0
224,11.510372,0.000000,11.463642,11.421442,7.999182,0.008821,0.000000,1,0.000000,0.000000,0.000000,0.000000,0.000000,0,0
225,10.974169,0.000000,10.931015,10.889769,7.548094,0.007629,0.000000,1,0.000000,0.000000,0.000000,0.000000,0.000000,0,0
226,11.237621,0.000000,11.195183,11.154413,7.825375,0.007868,0.000238,1,0.000000,0.000000,0.000000,0.000000,0.000000,0,0
227,10.648727,0.000000,10.614872,10.560274,7.367849,0.021935,0.000000,1,0.000000,0.000000,0.000000,0.000000,0.000000,0,0
228,10.796785,0.000000,10.760069,10.722637,7.330656,0.006914,0.000238,1,0.000000,0.000000,0.000000,0.000000,0.000000,0,0
229,10.805607,0.000000,10.771275,10.732174,7.548809,0.007629,0.000238,1,0.000000,0.000000,0.000000,0.000000,0.000000,0,0
230,11.133671,0.000000,11.095762,11.056662,7.822752,0.007153,0.000238,1,0.000000,0.000000,0.000000,0.000000,0.000000,0,0
231,11.024714,0.000000,10.983467,10.943413,7.609367,0.007391,0.000000,1,0.000000,0.000000,0.000000,0.000000,0.000000,0,0
232,11.194706,0.000000,11.152267,11.112452,7.563353,0.008106,0.000000,1,0.000000,0.000000,0.000000,0.000000,0.000000,0,0
233,10.796785,0.000000,10.758638,10.720730,7.328510,0.007153,0.000000,1,0.000000,0.000000,0.000000,0.000000,0.000000,0,0
234,10.798454,0.000000,10.762215,10.722876,7.481813,0.007629,0.000000,1,0.000000,0.000000,0.000000,0.000000,0.000000,0,0
235,10.654926,0.000000,10.616541,10.561943,7.510424,0.007868,0.000000,1,0.000000,0.000000,0.000000,0.000000,0.000000,0,0
236,10.902882,0.000000,10.861397,10.821104,7.750750,0.007391,0.000238,1,0.000000,0.000000,0.000000,0.000000,0.000000,0,0
237,10.911703,0.000000,10.874987,10.834455,7.529020,0.007868,0.000000,1,0.000000,0.000000,0.000000,0.000000,0.000000,0,0
238,10.632992,0.000000,10.595322,10.554075,7.380009,0.007868,0.000000,1,0.000000,0.000000,0.000000,0.000000,0.000000,0,0
239,10.823250,0.000000,10.784626,10.745764,7.351160,0.007153,0.000238,1,0.000000,0.000000,0.000000,0.000000,0.000000,0,0
240,10.891199,0.000000,10.848761,10.808468,7.414579,0.008583,0.000000,1,0.000000,0.000000,0.000000,0.000000,0.000000,0,0
241,10.826826,0.000000,10.793447,10.753393,7.719040,0.007629,0.000000,1,0.000000,0.000000,0.000000,0.000000,0.000000,0,0
242,11.178017,0.000000,11.133671,11.078119,7.567883,0.006914,0.000000,1,0.000000,0.000000,0.000000,0.000000,0.000000,0,0
243,10.972261,0.000000,10.927916,10.872364,7.543087,0.021935,0.000000,1,0.000000,0.000000,0.000000,0.000000,0.000000,0,0
244,10.803461,0.000000,10.760784,10.720491,7.605553,0.007629,0.000000,1,0.000000,0.000000,0.000000,0.000000,0.000000,0,0
245,11.108160,0.000000,11.064291,11.023045,7.679224,0.008106,0.000000,1,0.000000,0.000000,0.000000,0.000000,0.000000,0,0
246,11.261940,0.000000,11.219025,11.177063,7.780552,0.008583,0.000000,1,0.000000,0.000000,0.000000,0.000000,0.000000,0,0
247,11.053324,0.000000,11.005878,10.964870,7.529020,0.007629,0.000000,1,0.000000,0.000000,0.000000,0.000000,0.000000,0,0
248,11.033773,0.000000,10.987520,10.945559,7.527590,0.008345,0.000000,1,0.000000,0.000000,0.000000,0.000000,0.000000,0,0
249,11.187315,0.000000,11.144876,11.104584,7.735252,0.007629,0.000000,1,0.000000,0.000000,0.000000,0.000000,0.000000,0,0
250,10.536432,0.000000,10.505438,10.462761,7.335663,0.008106,0.000000,1,0.000000,0.000000,0.000000,0.000000,0.000000,0,0
251,11.175871,0.000000,11.140585,11.102438,7.563114,0.006914,0.000000,1,0.000000,0.000000,0.000000,0.000000,0.000000,0,0
252,10.567665,0.000000,10.527849,10.489225,7.326126,0.007391,0.000000,1,0.000000,0.000000,0.000000,0.000000,0.000000,0,0
253,11.081219,0.000000,11.047125,11.008739,7.821798,0.006914,0.000000,1,0.000000,0.000000,0.000000,0.000000,0.000000,0,0
254,11.563301,0.000000,11.522055,11.483669,8.115053,0.007153,0.000000,1,0.000000,0.000000,0.000000,0.000000,0.000000,0,0
255,11.310101,0.000000,11.277676,11.237621,7.951021,0.007153,0.000000,1,0.000000,0.000000,0.000000,0.000000,0.000000,0,0
256,10.989189,0.000000,10.956526,10.918856,7.698298,0.006914,0.000000,1,0.000000,0.000000,0.000000,0.000000,0.000000,0,0
257,10.743618,0.000000,10.715008,10.676622,7.568121,0.006676,0.000000,1,0.000000,0.000000,0.000000,0.000000,0.000000,0,0
258,11.158705,0.000000,11.127234,11.089325,7.720709,0.006676,0.000000,1,0.000000,0.000000,0.000000,0.000000,0.000000,0,0
259,10.744333,0.000000,10.711670,10.672331,7.384777,0.009060,0.000000,1,0.000000,0.000000,0.000000,0.000000,0.000000,0,0
260,10.586739,0.000000,10.552168,10.514736,7.220030,0.007153,0.000000,1,0.000000,0.000000,0.000000,0.000000,0.000000,0,0
261,11.183739,0.000000,11.148453,11.111021,7.704258,0.006676,0.000000,1,0.000000,0.000000,0.000000,0.000000,0.000000,0,0
262,11.374474,0.000000,11.337280,11.299372,7.899523,0.007153,0.000000,1,0.000000,0.000000,0.000000,0.000000,0.000000,0,0
263,10.645390,0.000000,10.610104,10.571718,7.187128,0.007153,0.000000,1,0.000000,0.000000,0.000000,0.000000,0.000000,0,0
264,10.597944,0.000000,10.567665,10.529518,7.234812,0.006914,0.000000,1,0.000000,0.000000,0.000000,0.000000,0.000000,0,0
265,11.192322,0.000000,11.152983,11.116266,7.706165,0.006199,0.000000,1,0.000000,0.000000,0.000000,0.000000,0.000000,0,0
266,10.624647,0.000000,10.589600,10.544538,7.317543,0.007153,0.000000,1,0.000000,0.000000,0.000000,0.000000,0.000000,0,0
267,11.076212,0.000000,11.044025,10.993004,7.740259,0.020027,0.000000,1,0.000000,0.000000,0.000000,0.000000,0.000000,0,0
268,10.982990,0.000000,10.949612,10.912895,7.693529,0.006676,0.000000,1,0.000000,0.000000,0.000000,0.000000,0.000000,0,0
269,10.636806,0.000000,10.603905,10.566473,7.326126,0.006914,0.000000,1,0.000000,0.000000,0.000000,0.000000,0.000000,0,0
270,11.345148,0.000000,11.310339,11.273146,7.781744,0.006676,0.000000,1,0.000000,0.000000,0.000000,0.000000,0.000000,0,0
271,10.619640,0.000000,10.579824,10.543346,7.242441,0.006437,0.000000,1,0.000000,0.000000,0.000000,0.000000,0.000000,0,0
272,10.831833,0.000000,10.790110,10.750771,7.463217,0.007153,0.000000,1,0.000000,0.000000,0.000000,0.000000,0.000000,0,0
273,11.232853,0.000000,11.196375,11.158705,7.844448,0.006914,0.000238,1,0.000000,0.000000,0.000000,0.000000,0.000000,0,0
274,10.906219,0.000000,10.874271,10.836363,7.458925,0.006914,0.000000,1,0.000000,0.000000,0.000000,0.000000,0.000000,0,0
275,10.833502,0.000000,10.798216,10.759354,7.374763,0.007153,0.000000,1,0.000000,0.000000,0.000000,0.000000,0.000000,0,0
276,10.617495,0.000000,10.580540,10.541677,7.189989,0.007153,0.000000,1,0.000000,0.000000,0.000000,0.000000,0.000000,0,0
277,10.753155,0.000000,10.704041,10.667801,7.235765,0.006437,0.000000,1,0.000000,0.000000,0.000000,0.000000,0.000000,0,0
278,10.632038,0.000000,10.594845,10.556459,7.194757,0.007153,0.000000,1,0.000000,0.000000,0.000000,0.000000,0.000000,0,0
279,10.911465,0.000000,10.872126,10.833263,7.554054,0.007153,0.000000,1,0.000000,0.000000,0.000000,0.000000,0.000000,0,0
280,11.361361,0.000000,11.323690,11.285067,7.943153,0.006914,0.000238,1,0.000000,0.000000,0.000000,0.000000,0.000000,0,0
281,10.802269,0.000000,10.766983,10.728836,7.331610,0.006914,0.000000,1,0.000000,0.000000,0.000000,0.000000,0.000000,0,0
282,11.193037,0.000000,11.142254,11.102200,7.803440,0.006914,0.000000,1,0.000000,0.000000,0.000000,0.000000,0.000000,0,0
283,10.521173,0.000000,10.489464,10.451794,7.216215,0.006914,0.000000,1,0.000000,0.000000,0.000000,0.000000,0.000000,0,0
284,11.301041,0.000000,11.266947,11.229753,7.914305,0.007391,0.000238,1,0.000000,0.000000,0.000000,0.000000,0.000000,0,0
285,10.842323,0.000000,10.803223,10.764837,7.481337,0.006914,0.000000,1,0.000000,0.000000,0.000000,0.000000,0.000000,0,0
286,11.080503,0.000000,11.039734,11.000395,7.655621,0.007391,0.000000,1,0.000000,0.000000,0.000000,0.000000,0.000000,0,0
287,10.386467,0.000000,10.352850,10.294914,7.285595,0.007391,0.000000,1,0.000000,0.000000,0.000000,0.000000,0.000000,0,0
288,10.524988,0.000000,10.486126,10.449171,7.277727,0.006914,0.000000,1,0.000000,0.000000,0.000000,0.000000,0.000000,0,0
289,11.290312,0.000000,11.255026,11.216402,7.823706,0.007153,0.000000,1,0.000000,0.000000,0.000000,0.000000,0.000000,0,0
290,11.320829,0.000000,11.283398,11.245966,7.875681,0.006676,0.000000,1,0.000000,0.000000,0.000000,0.000000,0.000000,0,0
291,10.702610,0.000000,10.663509,10.625362,7.275105,0.007153,0.000000,1,0.000000,0.000000,0.000000,0.000000,0.000000,0,0
292,10.457277,0.000000,10.423899,10.386467,7.421732,0.006914,0.000000,1,0.000000,0.000000,0.000000,0.000000,0.000000,0,0
293,10.740757,0.000000,10.705709,10.668993,7.274151,0.006676,0.000238,1,0.000000,0.000000,0.000000,0.000000,0.000000,0,0
294,11.378765,0.000000,11.337757,11.300087,7.844687,0.006914,0.000000,1,0.000000,0.000000,0.000000,0.000000,0.000000,0,0
295,11.206388,0.000000,11.162519,11.122227,7.905006,0.007868,0.000238,1,0.000000,0.000000,0.000000,0.000000,0.000000,0,0
296,11.212826,0.000000,11.166811,11.128426,7.804155,0.006914,0.000000,1,0.000000,0.000000,0.000000,0.000000,0.000000,0,0
297,10.632277,0.000000,10.591984,10.552883,7.283926,0.007153,0.000000,1,0.000000,0.000000,0.000000,0.000000,0.000000,0,0
298,10.994911,0.000000,10.955334,10.916233,7.830620,0.007391,0.000000,1,0.000000,0.000000,0.000000,0.000000,0.000000,0,0
299,11.125803,0.000000,11.085510,11.047602,7.925749,0.007153,0.000000,1,0.000000,0.000000,0.000000,0.000000,0.000000,0,0
300,10.422945,0.000000,10.380030,10.342836,7.265091,0.006914,0.000238,1,0.000000,0.000000,0.000000,0.000000,0.000000,0,0
301,10.621071,0.000000,10.580778,10.542154,7.236481,0.007391,0.000000,1,0.000000,0.000000,0.000000,0.000000,0.000000,0,0
302,11.957407,0.000000,11.922359,9.986639,6.861210,0.006914,0.000238,1,0.000000,0.000000,0.000000,0.000000,0.000000,0,0
303,11.034489,0.000000,10.999918,10.963440,7.805586,0.006676,0.000000,1,0.000000,0.000000,0.000000,0.000000,0.000000,0,0
304,11.268854,0.000000,11.232615,11.196136,7.806540,0.006676,0.000000,1,0.000000,0.000000,0.000000,0.000000,0.000000,0,0
305,10.799170,0.000000,10.759830,10.721922,7.399797,0.006914,0.000000,1,0.000000,0.000000,0.000000,0.000000,0.000000,0,0
306,11.037827,0.000000,11.002541,10.965347,7.678032,0.006914,0.000000,1,0.000000,0.000000,0.000000,0.000000,0.000000,0,0
307,11.370659,0.000000,11.330128,11.292696,7.932425,0.006676,0.000000,1,0.000000,0.000000,0.000000,0.000000,0.000000,0,0
308,11.127234,0.000000,11.085272,11.046886,7.989883,0.007391,0.000000,1,0.000000,0.000000,0.000000,0.000000,0.000000,0,0
309,11.070967,0.000000,11.020660,10.981798,7.699966,0.007153,0.000000,1,0.000000,0.000000,0.000000,0.000000,0.000000,0,0
310,11.481285,0.000000,11.408806,11.367798,7.597685,0.007629,0.000000,1,0.000000,0.000000,0.000000,0.000000,0.000000,0,0
311,10.680914,0.000000,10.619164,10.571241,7.407427,0.010014,0.000000,1,0.000000,0.000000,0.000000,0.000000,0.000000,0,0
312,10.913610,0.000000,10.868073,10.830164,7.477522,0.007391,0.000000,1,0.000000,0.000000,0.000000,0.000000,0.000000,0,0
313,11.150599,0.000000,11.105061,11.067390,7.929802,0.007391,0.000000,1,0.000000,0.000000,0.000000,0.000000,0.000000,0,0
314,11.216164,0.000000,11.167049,11.129141,7.742882,0.006914,0.000000,1,0.000000,0.000000,0.000000,0.000000,0.000000,0,0
315,11.165619,0.000000,11.124372,11.084795,7.728577,0.007868,0.000000,1,0.000000,0.000000,0.000000,0.000000,0.000000,0,0
316,10.592699,0.000000,10.556698,10.517836,7.344246,0.007153,0.000000,1,0.000000,0.000000,0.000000,0.000000,0.000000,0,0
317,10.406017,0.000000,10.340452,10.303020,7.229328,0.006676,0.000000,1,0.000000,0.000000,0.000000,0.000000,0.000000,0,0
318,10.302067,0.000000,10.267973,10.228634,7.014751,0.010014,0.000000,1,0.000000,0.000000,0.000000,0.000000,0.000000,0,0
319,10.244131,0.000000,10.204792,10.169029,6.903172,0.006437,0.000000,1,0.000000,0.000000,0.000000,0.000000,0.000000,0,0
320,10.468721,0.000000,10.428190,10.390997,7.023573,0.006914,0.000000,1,0.000000,0.000000,0.000000,0.000000,0.000000,0,0
321,10.425806,0.000000,10.396004,10.360241,7.270336,0.006199,0.000000,1,0.000000,0.000000,0.000000,0.000000,0.000000,0,0
322,10.792494,0.000000,10.754347,10.719299,7.456064,0.006199,0.000238,1,0.000000,0.000000,0.000000,0.000000,0.000000,0,0
323,10.633945,0.000000,10.594606,10.557890,7.220268,0.006914,0.000000,1,0.000000,0.000000,0.000000,0.000000,0.000000,0,0
324,10.532618,0.000000,10.500431,10.463715,7.330179,0.006676,0.000000,1,0.000000,0.000000,0.000000,0.000000,0.000000,0,0
325,10.951281,0.000000,10.914087,10.878801,7.645130,0.006437,0.000000,1,0.000000,0.000000,0.000000,0.000000,0.000000,0,0
326,10.095358,0.000000,10.061502,10.025740,7.002115,0.006437,0.000000,1,0.000000,0.000000,0.000000,0.000000,0.000000,0,0
327,10.927439,0.000000,10.892391,10.857582,7.597208,0.005960,0.000000,1,0.000000,0.000000,0.000000,0.000000,0.000000,0,0
328,11.140347,0.000000,11.096954,11.059046,7.755518,0.006676,0.000000,1,0.000000,0.000000,0.000000,0.000000,0.000000,0,0
329,10.924339,0.000000,10.890245,10.850668,7.507801,0.007391,0.000000,1,0.000000,0.000000,0.000000,0.000000,0.000000,0,0
330,11.072159,0.000000,11.022091,10.984659,7.488966,0.006437,0.000000,1,0.000000,0.000000,0.000000,0.000000,0.000000,0,0
331,10.964632,0.000000,10.910749,10.871649,7.737160,0.006914,0.000000,1,0.000000,0.000000,0.000000,0.000000,0.000000,0,0
332,10.786295,0.000000,10.745525,10.684729,7.450819,0.006437,0.000000,1,0.000000,0.000000,0.000000,0.000000,0.000000,0,0
333,11.022329,0.000000,10.977745,10.940075,7.522106,0.006914,0.000238,1,0.000000,0.000000,0.000000,0.000000,0.000000,0,0
334,10.894537,0.000000,10.856152,10.817289,7.580996,0.008106,0.000000,1,0.000000,0.000000,0.000000,0.000000,0.000000,0,0
335,11.008978,0.000000,10.972738,10.935068,7.594585,0.006437,0.000000,1,0.000000,0.000000,0.000000,0.000000,0.000000,0,0
336,10.930061,0.000000,10.887146,10.849476,7.690668,0.006914,0.000238,1,0.000000,0.000000,0.000000,0.000000,0.000000,0,0
337,10.783434,0.000000,10.739565,10.701180,7.381678,0.006676,0.000000,1,0.000000,0.000000,0.000000,0.000000,0.000000,0,0
338,10.913849,0.000000,10.876656,10.838270,7.211685,0.006914,0.000000,1,0.000000,0.000000,0.000000,0.000000,0.000000,0,0
339,10.602713,0.000000,10.566235,10.529518,7.347584,0.006437,0.000000,1,0.000000,0.000000,0.000000,0.000000,0.000000,0,0
340,10.602951,0.000000,10.565042,10.527849,7.229567,0.006437,0.000000,1,0.000000,0.000000,0.000000,0.000000,0.000000,0,0
341,10.922194,0.000000,10.882854,10.844707,7.498264,0.006914,0.000000,1,0.000000,0.000000,0.000000,0.000000,0.000000,0,0
342,10.629892,0.000000,10.587692,10.550022,7.081270,0.006914,0.000000,1,0.000000,0.000000,0.000000,0.000000,0.000000,0,0
343,10.847569,0.000000,10.797262,10.758877,7.436514,0.006914,0.000000,1,0.000000,0.000000,0.000000,0.000000,0.000000,0,0
344,10.833979,0.000000,10.794401,10.754824,7.428169,0.007391,0.000000,1,0.000000,0.000000,0.000000,0.000000,0.000000,0,0
345,10.635614,0.000000,10.594606,10.557175,7.272959,0.006676,0.000000,1,0.000000,0.000000,0.000000,0.000000,0.000000,0,0
346,10.565042,0.000000,10.520935,10.481834,7.189035,0.006914,0.000000,1,0.000000,0.000000,0.000000,0.000000,0.000000,0,0
347,10.461092,0.000000,10.424614,10.366440,7.246256,0.007391,0.000000,1,0.000000,0.000000,0.000000,0.000000,0.000000,0,0
348,10.601282,0.000000,10.559082,10.521650,7.268906,0.006676,0.000000,1,0.000000,0.000000,0.000000,0.000000,0.000000,0,0
349,10.749578,0.000000,10.697126,10.659695,7.218122,0.006676,0.000000,1,0.000000,0.000000,0.000000,0.000000,0.000000,0,0
350,10.937452,0.000000,10.893345,10.856390,7.531166,0.006676,0.000000,1,0.000000,0.000000,0.000000,0.000000,0.000000,0,0
351,11.136770,0.000000,11.095524,11.056900,7.837534,0.006914,0.000000,1,0.000000,0.000000,0.000000,0.000000,0.000000,0,0
352,10.757446,0.000000,10.709763,10.671616,7.355690,0.006914,0.000000,1,0.000000,0.000000,0.000000,0.000000,0.000000,0,0
353,10.789633,0.000000,10.752678,10.713100,7.449150,0.007629,0.000000,1,0.000000,0.000000,0.000000,0.000000,0.000000,0,0
354,11.469364,0.000000,11.426449,11.390448,7.832050,0.006437,0.000000,1,0.000000,0.000000,0.000000,0.000000,0.000000,0,0
355,10.567904,0.000000,10.527372,10.469198,7.549524,0.007153,0.000000,1,0.000000,0.000000,0.000000,0.000000,0.000000,0,0
356,10.647774,0.000000,10.607004,10.534763,7.268906,0.012636,0.000000,1,0.000000,0.000000,0.000000,0.000000,0.000000,0,0
357,10.790348,0.000000,10.729313,10.690928,7.363558,0.006676,0.000000,1,0.000000,0.000000,0.000000,0.000000,0.000000,0,0
358,10.476589,0.000000,10.433912,10.396004,7.251501,0.006914,0.000000,1,0.000000,0.000000,0.000000,0.000000,0.000000,0,0
359,10.966539,0.000000,10.929823,10.886669,7.535458,0.006676,0.000000,1,0.000000,0.000000,0.000000,0.000000,0.000000,0,0
360,10.490417,0.000000,10.448694,10.411978,7.164001,0.006676,0.000000,1,0.000000,0.000000,0.000000,0.000000,0.000000,0,0
361,10.653496,0.000000,10.606527,10.554075,7.597923,0.007153,0.000000,1,0.000000,0.000000,0.000000,0.000000,0.000000,0,0
362,10.414839,0.000000,10.373116,10.315180,7.133961,0.025034,0.000000,1,0.000000,0.000000,0.000000,0.000000,0.000000,0,0
363,10.749102,0.000000,10.703325,10.665417,7.437944,0.006914,0.000000,1,0.000000,0.000000,0.000000,0.000000,0.000000,0,0
364,10.624170,0.000000,10.576725,10.537624,7.446527,0.006914,0.000000,1,0.000000,0.000000,0.000000,0.000000,0.000000,0,0
365,10.971308,0.000000,10.915518,10.876894,7.546663,0.007629,0.000000,1,0.000000,0.000000,0.000000,0.000000,0.000000,0,0
366,10.654449,0.000000,10.607481,10.568857,7.154942,0.006914,0.000000,1,0.000000,0.000000,0.000000,0.000000,0.000000,0,0
367,10.905027,0.000000,10.864496,10.826588,7.480383,0.007391,0.000000,1,0.000000,0.000000,0.000000,0.000000,0.000000,0,0
368,10.772943,0.000000,10.729074,10.693312,7.399797,0.006437,0.000000,1,0.000000,0.000000,0.000000,0.000000,0.000000,0,0
369,11.182070,0.000000,11.143684,11.106014,7.553339,0.006914,0.000000,1,0.000000,0.000000,0.000000,0.000000,0.000000,0,0
370,10.784388,0.000000,10.738850,10.701180,7.400036,0.006914,0.000000,1,0.000000,0.000000,0.000000,0.000000,0.000000,0,0
371,10.720491,0.000000,10.674715,10.637045,7.555246,0.006914,0.000000,1,0.000000,0.000000,0.000000,0.000000,0.000000,0,0
372,10.747433,0.000000,10.703325,10.666132,7.419586,0.006914,0.000000,1,0.000000,0.000000,0.000000,0.000000,0.000000,0,0
373,10.792494,0.000000,10.747910,10.709763,7.324219,0.006914,0.000000,1,0.000000,0.000000,0.000000,0.000000,0.000000,0,0
374,10.916948,0.000000,10.869741,10.832071,7.439852,0.006676,0.000000,1,0.000000,0.000000,0.000000,0.000000,0.000000,0,0
375,10.701895,0.000000,10.650873,10.612488,7.313251,0.007153,0.000238,1,0.000000,0.000000,0.000000,0.000000,0.000000,0,0
376,10.883093,0.000000,10.841131,10.788202,7.387400,0.006914,0.000000,1,0.000000,0.000000,0.000000,0.000000,0.000000,0,0
377,10.645628,0.000000,10.600090,10.561943,7.515907,0.006676,0.000000,1,0.000000,0.000000,0.000000,0.000000,0.000000,0,0
378,10.708332,0.000000,10.665417,10.627985,7.236004,0.006676,0.000000,1,0.000000,0.000000,0.000000,0.000000,0.000000,0,0
379,10.775566,0.000000,10.733366,10.696411,7.327557,0.006914,0.000000,1,0.000000,0.000000,0.000000,0.000000,0.000000,0,0
380,10.552645,0.000000,10.500669,10.463953,7.286787,0.006437,0.000000,1,0.000000,0.000000,0.000000,0.000000,0.000000,0,0
381,10.678291,0.000000,10.630131,10.591984,7.294178,0.007629,0.000000,1,0.000000,0.000000,0.000000,0.000000,0.000000,0,0
382,10.994434,0.000000,10.953665,10.915518,7.675409,0.006676,0.000000,1,0.000000,0.000000,0.000000,0.000000,0.000000,0,0
383,11.236429,0.000000,11.184216,11.146784,7.616043,0.006437,0.000000,1,0.000000,0.000000,0.000000,0.000000,0.000000,0,0
384,10.719776,0.000000,10.663748,10.576010,7.275343,0.007391,0.000000,1,0.000000,0.000000,0.000000,0.000000,0.000000,0,0
385,11.344671,0.000000,11.303663,11.265993,7.933140,0.007153,0.000000,1,0.000000,0.000000,0.000000,0.000000,0.000000,0,0
386,10.579109,0.000000,10.531902,10.493755,7.241011,0.006437,0.000000,1,0.000000,0.000000,0.000000,0.000000,0.000000,0,0
387,10.763884,0.000000,10.715961,10.677576,7.293224,0.006914,0.000000,1,0.000000,0.000000,0.000000,0.000000,0.000000,0,0
388,10.764599,0.000000,10.708094,10.669470,7.684946,0.007153,0.000000,1,0.000000,0.000000,0.000000,0.000000,0.000000,0,0
389,10.869265,0.000000,10.797977,10.757208,7.326603,0.007391,0.000000,1,0.000000,0.000000,0.000000,0.000000,0.000000,0,0
390,10.321140,0.000000,10.262251,10.220289,7.133961,0.008821,0.000000,1,0.000000,0.000000,0.000000,0.000000,0.000000,0,0
	edit cache miss
391,2240.900517,13.136864,706.228733,2084.866047,2026.422739,0.670910,0.000000,3,879.010201,1.302242,0.000000,3.450632,89.284182,8,0
392,10.129213,0.000000,10.055542,10.015488,6.784678,0.009775,0.000238,1,0.000000,0.000000,0.000000,0.000000,0.000000,0,0
393,10.439157,0.000000,10.375738,10.338306,7.259369,0.007391,0.000000,1,0.000000,0.000000,0.000000,0.000000,0.000000,0,0
394,10.257483,0.000000,10.198593,10.158777,7.076025,0.007868,0.000000,1,0.000000,0.000000,0.000000,0.000000,0.000000,0,0
395,10.476112,0.000000,10.433435,10.357380,7.352829,0.007391,0.000000,1,0.000000,0.000000,0.000000,0.000000,0.000000,0,0
396,10.360956,0.000000,10.317564,10.279655,7.190228,0.006914,0.000000,1,0.000000,0.000000,0.000000,0.000000,0.000000,0,0
397,10.630608,0.000000,10.571003,10.534048,7.393837,0.006437,0.000000,1,0.000000,0.000000,0.000000,0.000000,0.000000,0,0
398,10.839701,0.000000,10.787010,10.747671,7.505417,0.007391,0.000000,1,0.000000,0.000000,0.000000,0.000000,0.000000,0,0
399,10.803699,0.000000,10.750055,10.712147,7.597446,0.006914,0.000000,1,0.000000,0.000000,0.000000,0.000000,0.000000,0,0
400,10.859251,0.000000,10.801792,10.763645,7.470608,0.007153,0.000000,1,0.000000,0.000000,0.000000,0.000000,0.000000,0,0
401,10.299683,0.000000,10.254383,10.215521,7.123232,0.007391,0.000000,1,0.000000,0.000000,0.000000,0.000000,0.000000,0,0
402,10.742188,0.000000,10.697126,10.660172,7.593393,0.006676,0.000000,1,0.000000,0.000000,0.000000,0.000000,0.000000,0,0
403,10.522366,0.000000,10.461092,10.423422,7.100821,0.007153,0.000000,1,0.000000,0.000000,0.000000,0.000000,0.000000,0,0
404,10.694742,0.000000,10.639429,10.600328,7.336617,0.007391,0.000000,1,0.000000,0.000000,0.000000,0.000000,0.000000,0,0
405,10.804653,0.000000,10.746479,10.707140,7.381916,0.007153,0.000000,1,0.000000,0.000000,0.000000,0.000000,0.000000,0,0
406,11.037827,0.000000,10.977507,10.937691,7.565975,0.007629,0.000000,1,0.000000,0.000000,0.000000,0.000000,0.000000,0,0
407,10.523796,0.000000,10.477304,10.438204,7.179022,0.007153,0.000000,1,0.000000,0.000000,0.000000,0.000000,0.000000,0,0
408,10.686874,0.000000,10.637283,10.596275,7.408381,0.007153,0.000000,1,0.000000,0.000000,0.000000,0.000000,0.000000,0,0
409,10.704756,0.000000,10.641813,10.602951,7.220030,0.006914,0.000000,1,0.000000,0.000000,0.000000,0.000000,0.000000,0,0
410,10.261297,0.000000,10.208607,10.169744,7.151604,0.007629,0.000000,1,0.000000,0.000000,0.000000,0.000000,0.000000,0,0
411,10.641098,0.000000,10.594606,10.556221,7.343769,0.007629,0.000000,1,0.000000,0.000000,0.000000,0.000000,0.000000,0,0
412,10.749102,0.000000,10.671854,10.635614,7.296562,0.006437,0.000000,1,0.000000,0.000000,0.000000,0.000000,0.000000,0,0
413,10.538101,0.000000,10.478258,10.437965,7.328987,0.007868,0.000238,1,0.000000,0.000000,0.000000,0.000000,0.000000,0,0
414,10.923386,0.000000,10.870934,10.828495,7.596016,0.007391,0.000238,1,0.000000,0.000000,0.000000,0.000000,0.000000,0,0
415,11.116266,0.000000,11.047840,11.009693,7.626057,0.007153,0.000238,1,0.000000,0.000000,0.000000,0.000000,0.000000,0,0
416,10.623217,0.000000,10.561943,10.520697,7.148027,0.008106,0.000000,1,0.000000,0.000000,0.000000,0.000000,0.000000,0,0
417,11.427402,0.000000,11.368036,11.311769,7.898569,0.007629,0.000000,1,0.000000,0.000000,0.000000,0.000000,0.000000,0,0
418,10.987043,0.000000,10.929346,10.890722,7.665634,0.007391,0.000000,1,0.000000,0.000000,0.000000,0.000000,0.000000,0,0
419,10.380030,0.000000,10.324001,10.285854,7.126331,0.007391,0.000000,1,0.000000,0.000000,0.000000,0.000000,0.000000,0,0
420,10.567904,0.000000,10.515928,10.477543,7.138252,0.006914,0.000000,1,0.000000,0.000000,0.000000,0.000000,0.000000,0,0
421,10.395765,0.000000,10.345221,10.306358,7.244825,0.007391,0.000000,1,0.000000,0.000000,0.000000,0.000000,0.000000,0,0
422,10.909319,0.000000,10.854721,10.817528,7.568598,0.006437,0.000238,1,0.000000,0.000000,0.000000,0.000000,0.000000,0,0
423,10.814190,0.000000,10.751724,10.712385,7.566214,0.007391,0.000000,1,0.000000,0.000000,0.000000,0.000000,0.000000,0,0
424,11.288404,0.000000,11.225462,11.186600,7.817984,0.007391,0.000000,1,0.000000,0.000000,0.000000,0.000000,0.000000,0,0
425,10.517359,0.000000,10.470390,10.432243,7.351160,0.007153,0.000000,1,0.000000,0.000000,0.000000,0.000000,0.000000,0,0
426,11.108160,0.000000,11.052608,11.013985,7.988691,0.006914,0.000238,1,0.000000,0.000000,0.000000,0.000000,0.000000,0,0
427,10.454416,0.000000,10.395527,10.356188,7.269144,0.007153,0.000000,1,0.000000,0.000000,0.000000,0.000000,0.000000,0,0
428,10.301590,0.000000,10.251760,10.210991,7.248402,0.007391,0.000238,1,0.000000,0.000000,0.000000,0.000000,0.000000,0,0
429,11.245251,0.000000,11.190176,11.150599,7.871389,0.007153,0.000000,1,0.000000,0.000000,0.000000,0.000000,0.000000,0,0
430,10.746002,0.000000,10.687113,10.649204,7.647991,0.007153,0.000000,1,0.000000,0.000000,0.000000,0.000000,0.000000,0,0
431,10.531902,0.000000,10.478497,10.440588,7.294178,0.007153,0.000000,1,0.000000,0.000000,0.000000,0.000000,0.000000,0,0
432,10.594606,0.000000,10.540247,10.501385,7.280350,0.007153,0.000000,1,0.000000,0.000000,0.000000,0.000000,0.000000,0,0
433,11.043787,0.000000,10.991812,10.953426,7.763386,0.006914,0.000000,1,0.000000,0.000000,0.000000,0.000000,0.000000,0,0
434,10.423660,0.000000,10.368347,10.329962,7.344246,0.006914,0.000000,1,0.000000,0.000000,0.000000,0.000000,0.000000,0,0
435,10.635376,0.000000,10.574102,10.535479,7.232428,0.006914,0.000000,1,0.000000,0.000000,0.000000,0.000000,0.000000,0,0
436,10.619879,0.000000,10.555744,10.516644,7.172823,0.006914,0.000000,1,0.000000,0.000000,0.000000,0.000000,0.000000,0,0
437,10.905743,0.000000,10.857105,10.815382,7.862806,0.007153,0.000000,1,0.000000,0.000000,0.000000,0.000000,0.000000,0,0
438,10.959864,0.000000,10.903358,10.865688,7.948875,0.007153,0.000000,1,0.000000,0.000000,0.000000,0.000000,0.000000,0,0
439,10.700703,0.000000,10.643482,10.575056,7.189751,0.036955,0.000238,1,0.000000,0.000000,0.000000,0.000000,0.000000,0,0
440,10.731220,0.000000,10.682344,10.644197,7.333040,0.007153,0.000238,1,0.000000,0.000000,0.000000,0.000000,0.000000,0,0
441,10.822296,0.000000,10.768175,10.730028,7.331848,0.006914,0.000000,1,0.000000,0.000000,0.000000,0.000000,0.000000,0,0
442,11.017799,0.000000,10.951281,10.912895,7.425547,0.006914,0.000000,1,0.000000,0.000000,0.000000,0.000000,0.000000,0,0
443,10.438442,0.000000,10.380745,10.343552,7.334709,0.006676,0.000238,1,0.000000,0.000000,0.000000,0.000000,0.000000,0,0
444,10.449171,0.000000,10.386229,10.348320,7.314444,0.006914,0.000000,1,0.000000,0.000000,0.000000,0.000000,0.000000,0,0
445,10.659218,0.000000,10.601521,10.562897,7.239580,0.007153,0.000000,1,0.000000,0.000000,0.000000,0.000000,0.000000,0,0
446,10.530949,0.000000,10.484219,10.425568,7.228851,0.006914,0.000000,1,0.000000,0.000000,0.000000,0.000000,0.000000,0,0
447,10.425091,0.000000,10.369062,10.331154,7.112265,0.006437,0.000000,1,0.000000,0.000000,0.000000,0.000000,0.000000,0,0
448,10.741234,0.000000,10.682583,10.643959,7.393360,0.006914,0.000000,1,0.000000,0.000000,0.000000,0.000000,0.000000,0,0
449,10.798216,0.000000,10.748625,10.711908,7.527828,0.006914,0.000000,1,0.000000,0.000000,0.000000,0.000000,0.000000,0,0
450,10.680676,0.000000,10.624170,10.587215,7.330418,0.007153,0.000000,1,0.000000,0.000000,0.000000,0.000000,0.000000,0,0
451,10.539532,0.000000,10.491133,10.452271,7.274628,0.007153,0.000000,1,0.000000,0.000000,0.000000,0.000000,0.000000,0,0
452,10.681868,0.000000,10.626316,10.588646,7.256508,0.006914,0.000000,1,0.000000,0.000000,0.000000,0.000000,0.000000,0,0
453,10.579348,0.000000,10.511637,10.474682,7.373571,0.006676,0.000000,1,0.000000,0.000000,0.000000,0.000000,0.000000,0,0
454,10.797739,0.000000,10.738134,10.698318,7.623911,0.007868,0.000000,1,0.000000,0.000000,0.000000,0.000000,0.000000,0,0
455,10.356665,0.000000,10.317326,10.279179,7.046461,0.007629,0.000000,1,0.000000,0.000000,0.000000,0.000000,0.000000,0,0
456,10.388136,0.000000,10.341644,10.303259,7.147312,0.006676,0.000000,1,0.000000,0.000000,0.000000,0.000000,0.000000,0,0
457,10.573864,0.000000,10.518312,10.478020,7.162094,0.007153,0.000000,1,0.000000,0.000000,0.000000,0.000000,0.000000,0,0
458,10.964394,0.000000,10.917902,10.879517,7.747412,0.007153,0.000238,1,0.000000,0.000000,0.000000,0.000000,0.000000,0,0
459,10.784626,0.000000,10.722637,10.683775,7.457972,0.007153,0.000000,1,0.000000,0.000000,0.000000,0.000000,0.000000,0,0
460,10.669470,0.000000,10.609150,10.567427,7.304192,0.008821,0.000238,1,0.000000,0.000000,0.000000,0.000000,0.000000,0,0
461,11.556625,0.000000,11.491776,11.451006,8.143902,0.007391,0.000000,1,0.000000,0.000000,0.000000,0.000000,0.000000,0,0
462,10.778904,0.000000,10.720253,10.680437,7.343531,0.008106,0.000000,1,0.000000,0.000000,0.000000,0.000000,0.000000,0,0
463,10.272026,0.000000,10.228157,10.189295,7.094383,0.007391,0.000000,1,0.000000,0.000000,0.000000,0.000000,0.000000,0,0
464,11.209726,0.000000,11.159420,11.120796,7.787466,0.007153,0.000000,1,0.000000,0.000000,0.000000,0.000000,0.000000,0,0
465,10.979414,0.000000,10.933399,10.893822,7.700443,0.007629,0.000000,1,0.000000,0.000000,0.000000,0.000000,0.000000,0,0
466,10.828018,0.000000,10.779381,10.740995,7.718325,0.007391,0.000000,1,0.000000,0.000000,0.000000,0.000000,0.000000,0,0
467,10.929585,0.000000,10.877848,10.839701,7.764816,0.006914,0.000238,1,0.000000,0.000000,0.000000,0.000000,0.000000,0,0
468,10.642767,0.000000,10.564327,10.525227,7.143497,0.007153,0.000000,1,0.000000,0.000000,0.000000,0.000000,0.000000,0,0
469,11.481047,0.000000,11.410236,11.372328,8.249521,0.006914,0.000000,1,0.000000,0.000000,0.000000,0.000000,0.000000,0,0
470,10.708570,0.000000,10.652781,10.614634,7.358074,0.007153,0.000000,1,0.000000,0.000000,0.000000,0.000000,0.000000,0,0
471,10.735989,0.000000,10.677338,10.637283,7.207632,0.007868,0.000000,1,0.000000,0.000000,0.000000,0.000000,0.000000,0,0
472,10.133505,0.000000,10.092497,10.053873,7.047415,0.007153,0.000000,1,0.000000,0.000000,0.000000,0.000000,0.000000,0,0
473,10.752916,0.000000,10.704041,10.666370,7.720470,0.006676,0.000000,1,0.000000,0.000000,0.000000,0.000000,0.000000,0,0
474,10.389566,0.000000,10.340452,10.301352,7.043839,0.007153,0.000000,1,0.000000,0.000000,0.000000,0.000000,0.000000,0,0
475,10.879040,0.000000,10.837078,10.798454,7.646084,0.007153,0.000000,1,0.000000,0.000000,0.000000,0.000000,0.000000,0,0
476,11.613846,0.000000,11.550188,11.512756,8.239031,0.006437,0.000238,1,0.000000,0.000000,0.000000,0.000000,0.000000,0,0
477,11.295319,0.000000,11.242867,11.146307,7.845640,0.007868,0.000238,1,0.000000,0.000000,0.000000,0.000000,0.000000,0,0
478,10.578156,0.000000,10.528326,10.490656,7.158279,0.006914,0.000000,1,0.000000,0.000000,0.000000,0.000000,0.000000,0,0
479,11.236668,0.000000,11.146545,11.107206,7.802725,0.007629,0.000000,1,0.000000,0.000000,0.000000,0.000000,0.000000,0,0
480,11.054993,0.000000,10.991573,10.951281,7.776260,0.008345,0.000000,1,0.000000,0.000000,0.000000,0.000000,0.000000,0,0
481,10.451794,0.000000,10.410547,10.371685,7.122993,0.007629,0.000000,1,0.000000,0.000000,0.000000,0.000000,0.000000,0,0
482,10.618687,0.000000,10.488272,10.452747,7.140160,0.006437,0.000000,1,0.000000,0.000000,0.000000,0.000000,0.000000,0,0
483,10.444164,0.000000,10.384798,10.346889,7.107973,0.006914,0.000000,1,0.000000,0.000000,0.000000,0.000000,0.000000,0,0
484,10.445118,0.000000,10.396242,10.359287,7.099152,0.006914,0.000000,1,0.000000,0.000000,0.000000,0.000000,0.000000,0,0
485,11.230469,0.000000,11.128664,11.089802,7.518291,0.007153,0.000000,1,0.000000,0.000000,0.000000,0.000000,0.000000,0,0
486,10.583401,0.000000,10.494471,10.449648,7.132292,0.009775,0.000000,1,0.000000,0.000000,0.000000,0.000000,0.000000,0,0
487,11.495590,0.000000,11.386633,11.343479,7.735014,0.008583,0.000000,1,0.000000,0.000000,0.000000,0.000000,0.000000,0,0
488,11.137009,0.000000,11.028290,10.981560,7.511139,0.010252,0.000238,1,0.000000,0.000000,0.000000,0.000000,0.000000,0,0
489,10.803699,0.000000,10.716915,10.673523,7.500410,0.009775,0.000000,1,0.000000,0.000000,0.000000,0.000000,0.000000,0,0
490,10.476112,0.000000,10.350227,10.313034,7.118702,0.007391,0.000000,1,0.000000,0.000000,0.000000,0.000000,0.000000,0,0
491,10.653257,0.000000,10.580778,10.541439,7.302046,0.007629,0.000000,1,0.000000,0.000000,0.000000,0.000000,0.000000,0,0
492,10.668755,0.000000,10.584593,10.544538,7.248878,0.007868,0.000477,1,0.000000,0.000000,0.000000,0.000000,0.000000,0,0
493,10.828257,0.000000,10.746241,10.704756,7.378340,0.008583,0.000000,1,0.000000,0.000000,0.000000,0.000000,0.000000,0,0
494,10.823965,0.000000,10.764122,10.723829,7.464409,0.007868,0.000000,1,0.000000,0.000000,0.000000,0.000000,0.000000,0,0
495,11.121750,0.000000,11.050940,11.014938,7.607937,0.006914,0.000000,1,0.000000,0.000000,0.000000,0.000000,0.000000,0,0
496,10.458231,0.000000,10.388374,10.349512,7.125616,0.007629,0.000000,1,0.000000,0.000000,0.000000,0.000000,0.000000,0,0
497,10.598660,0.000000,10.531902,10.492086,7.185459,0.008106,0.000000,1,0.000000,0.000000,0.000000,0.000000,0.000000,0,0
498,10.622025,0.000000,10.564089,10.524273,7.364988,0.007391,0.000000,1,0.000000,0.000000,0.000000,0.000000,0.000000,0,0
499,10.481119,0.000000,10.421991,10.384083,7.453680,0.006914,0.000000,1,0.000000,0.000000,0.000000,0.000000,0.000000,0,0
500,11.051893,0.000000,10.976076,10.939837,7.858992,0.006437,0.000000,1,0.000000,0.000000,0.000000,0.000000,0.000000,0,0
501,10.557413,0.000000,10.500431,10.462046,7.207632,0.007391,0.000238,1,0.000000,0.000000,0.000000,0.000000,0.000000,0,0
502,10.800123,0.000000,10.734558,10.662556,7.395506,0.040770,0.000238,1,0.000000,0.000000,0.000000,0.000000,0.000000,0,0
503,11.247635,0.000000,11.185646,11.148453,7.987738,0.007153,0.000000,1,0.000000,0.000000,0.000000,0.000000,0.000000,0,0
504,10.409117,0.000000,10.343790,10.306120,7.191658,0.006914,0.000000,1,0.000000,0.000000,0.000000,0.000000,0.000000,0,0
505,11.015654,0.000000,10.939598,10.898113,7.563353,0.006676,0.000000,1,0.000000,0.000000,0.000000,0.000000,0.000000,0,0
506,10.571241,0.000000,10.489941,10.446787,7.188320,0.007391,0.000238,1,0.000000,0.000000,0.000000,0.000000,0.000000,0,0
507,10.716200,0.000000,10.654926,10.616302,7.387161,0.007391,0.000000,1,0.000000,0.000000,0.000000,0.000000,0.000000,0,0
508,10.994196,0.000000,10.924339,10.887861,7.636309,0.006914,0.000000,1,0.000000,0.000000,0.000000,0.000000,0.000000,0,0
509,9.994984,0.000000,9.937048,9.865284,6.962061,0.006914,0.000000,1,0.000000,0.000000,0.000000,0.000000,0.000000,0,0
510,3.868818,0.000000,3.817320,3.779650,0.511646,0.007391,0.000000,1,0.000000,0.000000,0.000000,0.000000,0.000000,0,0
511,10.781765,0.000000,10.734081,10.699034,7.560492,0.006199,0.000238,1,0.000000,0.000000,0.000000,0.000000,0.000000,0,0
512,10.481834,0.000000,10.415554,10.380983,7.108927,0.005960,0.000000,1,0.000000,0.000000,0.000000,0.000000,0.000000,0,0
513,10.813713,0.000000,10.758638,10.721922,7.357359,0.005960,0.000238,1,0.000000,0.000000,0.000000,0.000000,0.000000,0,0
514,10.843515,0.000000,10.775089,10.737658,7.396698,0.006914,0.000000,1,0.000000,0.000000,0.000000,0.000000,0.000000,0,0
515,11.307478,0.000000,11.233807,11.194706,7.761955,0.007391,0.000238,1,0.000000,0.000000,0.000000,0.000000,0.000000,0,0
516,10.892153,0.000000,10.834694,10.794163,7.708549,0.007629,0.000000,1,0.000000,0.000000,0.000000,0.000000,0.000000,0,0
517,11.203527,0.000000,11.133909,11.095762,7.762671,0.006914,0.000238,1,0.000000,0.000000,0.000000,0.000000,0.000000,0,0
518,11.205196,0.000000,11.145830,11.103630,8.130074,0.007153,0.000000,1,0.000000,0.000000,0.000000,0.000000,0.000000,0,0
519,10.446787,0.000000,10.378361,10.341406,7.078171,0.006676,0.000238,1,0.000000,0.000000,0.000000,0.000000,0.000000,0,0
520,11.070490,0.000000,10.991335,10.952950,7.657051,0.006914,0.000477,1,0.000000,0.000000,0.000000,0.000000,0.000000,0,0
521,10.907650,0.000000,10.843277,10.802984,7.425308,0.007868,0.000000,1,0.000000,0.000000,0.000000,0.000000,0.000000,0,0
522,11.232376,0.000000,11.181355,11.143684,7.931232,0.007153,0.000000,1,0.000000,0.000000,0.000000,0.000000,0.000000,0,0
523,10.520935,0.000000,10.440588,10.403872,7.181644,0.006437,0.000238,1,0.000000,0.000000,0.000000,0.000000,0.000000,0,0
524,11.378765,0.000000,11.308670,11.270285,7.799149,0.007391,0.000000,1,0.000000,0.000000,0.000000,0.000000,0.000000,0,0
525,10.638237,0.000000,10.587454,10.549784,7.288933,0.006914,0.000000,1,0.000000,0.000000,0.000000,0.000000,0.000000,0,0
526,10.385036,0.000000,10.312796,10.277510,7.072449,0.006437,0.000000,1,0.000000,0.000000,0.000000,0.000000,0.000000,0,0
527,11.189461,0.000000,11.119127,11.080265,7.736206,0.007153,0.000238,1,0.000000,0.000000,0.000000,0.000000,0.000000,0,0
528,10.822058,0.000000,10.763168,10.723829,7.560968,0.007153,0.000000,1,0.000000,0.000000,0.000000,0.000000,0.000000,0,0
529,10.650635,0.000000,10.578394,10.543346,7.187843,0.006199,0.000000,1,0.000000,0.000000,0.000000,0.000000,0.000000,0,0
530,11.028528,0.000000,10.966778,10.925293,7.750034,0.006676,0.000000,1,0.000000,0.000000,0.000000,0.000000,0.000000,0,0
531,10.997772,0.000000,10.922670,10.882139,7.503271,0.009060,0.000000,1,0.000000,0.000000,0.000000,0.000000,0.000000,0,0
532,10.923147,0.000000,10.845423,10.806322,7.547617,0.007391,0.000477,1,0.000000,0.000000,0.000000,0.000000,0.000000,0,0
533,10.465622,0.000000,10.404110,10.365248,7.169008,0.007391,0.000000,1,0.000000,0.000000,0.000000,0.000000,0.000000,0,0
534,11.206627,0.000000,11.132002,11.094093,7.808208,0.006676,0.000000,1,0.000000,0.000000,0.000000,0.000000,0.000000,0,0
535,10.413408,0.000000,10.322332,10.285854,7.098198,0.006914,0.000000,1,0.000000,0.000000,0.000000,0.000000,0.000000,0,0
536,11.104107,0.000000,11.029959,10.991573,7.816315,0.007153,0.000000,1,0.000000,0.000000,0.000000,0.000000,0.000000,0,0
537,10.682106,0.000000,10.610342,10.571003,7.312298,0.007153,0.000238,1,0.000000,0.000000,0.000000,0.000000,0.000000,0,0
538,11.367083,0.000000,11.295080,11.228085,7.891178,0.007391,0.000000,1,0.000000,0.000000,0.000000,0.000000,0.000000,0,0
539,10.443211,0.000000,10.390043,10.339737,7.120848,0.007153,0.000000,1,0.000000,0.000000,0.000000,0.000000,0.000000,0,0
540,10.780334,0.000000,10.716438,10.679007,7.366896,0.006437,0.000000,1,0.000000,0.000000,0.000000,0.000000,0.000000,0,0
541,11.040449,0.000000,10.973692,10.935783,7.396221,0.006914,0.000000,1,0.000000,0.000000,0.000000,0.000000,0.000000,0,0
542,11.078835,0.000000,11.024237,10.986805,8.052349,0.006914,0.000000,1,0.000000,0.000000,0.000000,0.000000,0.000000,0,0
543,11.056662,0.000000,10.993719,10.956526,7.587194,0.006676,0.000000,1,0.000000,0.000000,0.000000,0.000000,0.000000,0,0
544,11.111259,0.000000,11.040211,11.002064,7.725477,0.006676,0.000000,1,0.000000,0.000000,0.000000,0.000000,0.000000,0,0
545,11.251926,0.000000,11.191368,11.127710,7.765770,0.007153,0.000000,1,0.000000,0.000000,0.000000,0.000000,0.000000,0,0
546,11.512756,0.000000,11.436224,11.398315,7.982492,0.006676,0.000000,1,0.000000,0.000000,0.000000,0.000000,0.000000,0,0
547,10.309219,0.000000,10.236263,10.200262,7.057428,0.006437,0.000000,1,0.000000,0.000000,0.000000,0.000000,0.000000,0,0
548,10.202646,0.000000,10.151148,10.107994,7.163525,0.006914,0.000238,1,0.000000,0.000000,0.000000,0.000000,0.000000,0,0
549,10.386705,0.000000,10.323286,10.286331,7.070303,0.006676,0.000000,1,0.000000,0.000000,0.000000,0.000000,0.000000,0,0
550,11.021376,0.000000,10.953665,10.914803,7.597923,0.007629,0.000000,1,0.000000,0.000000,0.000000,0.000000,0.000000,0,0
551,10.386944,0.000000,10.313272,10.275841,7.047176,0.006676,0.000000,1,0.000000,0.000000,0.000000,0.000000,0.000000,0,0
552,10.691404,0.000000,10.611534,10.572195,7.295370,0.007391,0.000000,1,0.000000,0.000000,0.000000,0.000000,0.000000,0,0
553,10.762691,0.000000,10.679722,10.640144,7.328987,0.007868,0.000000,1,0.000000,0.000000,0.000000,0.000000,0.000000,0,0
554,10.769844,0.000000,10.642290,10.603666,7.300138,0.006914,0.000000,1,0.000000,0.000000,0.000000,0.000000,0.000000,0,0
555,10.695219,0.000000,10.607719,10.555029,7.282972,0.007868,0.000000,1,0.000000,0.000000,0.000000,0.000000,0.000000,0,0
556,10.560751,0.000000,10.502815,10.463715,7.260084,0.007629,0.000000,1,0.000000,0.000000,0.000000,0.000000,0.000000,0,0
557,10.784388,0.000000,10.713339,10.674477,7.329226,0.007153,0.000477,1,0.000000,0.000000,0.000000,0.000000,0.000000,0,0
558,10.982513,0.000000,10.914803,10.876417,7.662058,0.007391,0.000000,1,0.000000,0.000000,0.000000,0.000000,0.000000,0,0
559,10.802269,0.000000,10.738850,10.699749,7.791042,0.006914,0.000000,1,0.000000,0.000000,0.000000,0.000000,0.000000,0,0
560,10.466814,0.000000,10.396242,10.358334,7.076025,0.006676,0.000000,1,0.000000,0.000000,0.000000,0.000000,0.000000,0,0
561,10.451794,0.000000,10.392189,10.353804,7.176638,0.006914,0.000000,1,0.000000,0.000000,0.000000,0.000000,0.000000,0,0
562,10.452271,0.000000,10.385036,10.346413,7.205963,0.007391,0.000000,1,0.000000,0.000000,0.000000,0.000000,0.000000,0,0
563,10.764122,0.000000,10.686159,10.648489,7.448196,0.006676,0.000000,1,0.000000,0.000000,0.000000,0.000000,0.000000,0,0
564,10.997295,0.000000,10.919571,10.880470,7.495880,0.007868,0.000000,1,0.000000,0.000000,0.000000,0.000000,0.000000,0,0
565,10.643244,0.000000,10.584116,10.546207,7.214546,0.007153,0.000000,1,0.000000,0.000000,0.000000,0.000000,0.000000,0,0
566,10.950327,0.000000,10.886192,10.849953,7.715225,0.006437,0.000000,1,0.000000,0.000000,0.000000,0.000000,0.000000,0,0
567,10.638237,0.000000,10.568857,10.531187,7.267475,0.006676,0.000477,1,0.000000,0.000000,0.000000,0.000000,0.000000,0,0
568,10.476589,0.000000,10.415554,10.377645,7.185936,0.006676,0.000000,1,0.000000,0.000000,0.000000,0.000000,0.000000,0,0
569,10.639668,0.000000,10.565996,10.529041,7.322311,0.006676,0.000238,1,0.000000,0.000000,0.000000,0.000000,0.000000,0,0
570,10.675192,0.000000,10.612488,10.573149,7.285118,0.006914,0.000000,1,0.000000,0.000000,0.000000,0.000000,0.000000,0,0
571,10.866404,0.000000,10.800600,10.762930,7.393837,0.006914,0.000000,1,0.000000,0.000000,0.000000,0.000000,0.000000,0,0
572,10.953188,0.000000,10.854959,10.815859,7.489920,0.006676,0.000000,1,0.000000,0.000000,0.000000,0.000000,0.000000,0,0
573,10.977030,0.000000,10.890961,10.849714,7.788658,0.007868,0.000000,1,0.000000,0.000000,0.000000,0.000000,0.000000,0,0
574,10.646343,0.000000,10.534763,10.498524,7.184029,0.006914,0.000000,1,0.000000,0.000000,0.000000,0.000000,0.000000,0,0
575,10.784864,0.000000,10.720491,10.627508,7.608891,0.006437,0.000000,1,0.000000,0.000000,0.000000,0.000000,0.000000,0,0
576,11.036396,0.000000,10.969639,10.929585,7.603884,0.007153,0.000238,1,0.000000,0.000000,0.000000,0.000000,0.000000,0,0
577,10.954857,0.000000,10.901451,10.862350,7.616997,0.007391,0.000000,1,0.000000,0.000000,0.000000,0.000000,0.000000,0,0
578,11.101007,0.000000,11.041164,11.003494,7.721186,0.006676,0.000000,1,0.000000,0.000000,0.000000,0.000000,0.000000,0,0
579,10.633230,0.000000,10.574102,10.534048,7.437468,0.007153,0.000000,1,0.000000,0.000000,0.000000,0.000000,0.000000,0,0
580,10.740995,0.000000,10.688066,10.648966,7.615566,0.006914,0.000000,1,0.000000,0.000000,0.000000,0.000000,0.000000,0,0
581,10.988474,0.000000,10.915995,10.877848,7.504225,0.006914,0.000000,1,0.000000,0.000000,0.000000,0.000000,0.000000,0,0
582,10.653019,0.000000,10.590076,10.550022,7.469654,0.007868,0.000000,1,0.000000,0.000000,0.000000,0.000000,0.000000,0,0
583,11.128426,0.000000,11.081457,11.043072,7.795811,0.007153,0.000000,1,0.000000,0.000000,0.000000,0.000000,0.000000,0,0
584,10.471582,0.000000,10.412931,10.375023,7.123232,0.006914,0.000000,1,0.000000,0.000000,0.000000,0.000000,0.000000,0,0
585,10.685444,0.000000,10.617018,10.580301,7.323027,0.006437,0.000000,1,0.000000,0.000000,0.000000,0.000000,0.000000,0,0
586,10.597229,0.000000,10.505676,10.465384,7.133245,0.007153,0.000000,1,0.000000,0.000000,0.000000,0.000000,0.000000,0,0
587,10.478973,0.000000,10.416269,10.364056,7.267237,0.007391,0.000000,1,0.000000,0.000000,0.000000,0.000000,0.000000,0,0
588,10.515451,0.000000,10.454655,10.416269,7.126093,0.007153,0.000000,1,0.000000,0.000000,0.000000,0.000000,0.000000,0,0
589,11.298895,0.000000,11.236429,11.198521,8.086205,0.006914,0.000000,1,0.000000,0.000000,0.000000,0.000000,0.000000,0,0
590,10.603428,0.000000,10.537624,10.499001,7.615328,0.007391,0.000000,1,0.000000,0.000000,0.000000,0.000000,0.000000,0,0
591,10.539532,0.000000,10.484219,10.446072,7.216692,0.007153,0.000000,1,0.000000,0.000000,0.000000,0.000000,0.000000,0,0
592,10.564566,0.000000,10.491848,10.454416,7.130384,0.006914,0.000000,1,0.000000,0.000000,0.000000,0.000000,0.000000,0,0
593,10.591745,0.000000,10.534048,10.496616,7.399082,0.007153,0.000000,1,0.000000,0.000000,0.000000,0.000000,0.000000,0,0
